181,1,261.94,171.68,8.93,5.57,0.30,-1,-1,-1
221,1,468.43,146.72,8.36,4.99,0.53,-1,-1,-1
241,1,460.74,143.76,6.85,4.26,0.50,-1,-1,-1
261,1,191.62,50.08,8.40,5.53,0.50,-1,-1,-1
301,1,436.87,146.86,7.15,5.60,0.40,-1,-1,-1
341,1,199.59,74.14,7.68,5.76,0.66,-1,-1,-1
361,1,201.72,75.60,8.76,5.13,0.63,-1,-1,-1
381,1,202.24,75.93,8.90,5.24,0.65,-1,-1,-1
421,1,404.76,166.57,7.76,5.77,0.46,-1,-1,-1
441,1,250.94,153.01,8.93,6.31,0.33,-1,-1,-1
601,1,255.65,50.22,9.58,6.22,0.46,-1,-1,-1
621,1,250.04,48.03,8.96,6.60,0.31,-1,-1,-1
761,1,534.92,199.72,5.93,3.53,0.41,-1,-1,-1
781,2,233.69,44.36,8.71,6.79,0.72,-1,-1,-1
841,1,290.26,146.79,7.89,6.23,0.36,-1,-1,-1
861,1,475.33,134.34,7.65,6.18,0.36,-1,-1,-1
881,2,230.32,50.08,8.99,6.57,0.39,-1,-1,-1
901,2,228.31,51.37,9.84,6.26,0.49,-1,-1,-1
921,2,225.77,52.78,9.80,6.73,0.49,-1,-1,-1
921,1,441.88,72.19,9.23,6.52,0.47,-1,-1,-1
941,2,223.48,54.68,9.78,6.40,0.38,-1,-1,-1
961,2,413.99,26.98,10.80,8.47,0.36,-1,-1,-1
981,2,419.69,18.10,10.70,7.74,0.39,-1,-1,-1
1001,2,190.75,186.43,7.72,4.19,0.45,-1,-1,-1
1061,2,404.61,0.84,11.03,7.42,0.40,-1,-1,-1
1081,1,196.26,181.41,7.70,5.15,0.52,-1,-1,-1
1121,2,373.62,18.51,11.91,7.61,0.34,-1,-1,-1
1141,2,375.55,20.32,10.57,7.85,0.33,-1,-1,-1
1201,1,249.03,110.82,8.09,6.36,0.53,-1,-1,-1
1221,2,389.67,51.11,10.69,7.26,0.49,-1,-1,-1
1241,2,390.42,63.11,11.43,8.03,0.50,-1,-1,-1
1241,1,254.88,116.69,7.65,5.56,0.31,-1,-1,-1
1281,1,229.20,166.59,8.93,4.94,0.46,-1,-1,-1
1301,1,232.21,164.91,7.31,4.82,0.37,-1,-1,-1
1321,2,400.35,107.60,11.14,7.37,0.50,-1,-1,-1
1321,1,232.54,172.63,8.78,5.24,0.31,-1,-1,-1
1341,2,401.93,114.93,11.07,7.09,0.46,-1,-1,-1
1381,2,228.83,207.94,7.87,5.05,0.58,-1,-1,-1
1401,2,395.97,130.54,11.13,7.33,0.40,-1,-1,-1
1461,2,245.17,212.81,7.98,4.34,0.34,-1,-1,-1
1461,1,321.88,164.77,10.99,6.35,0.49,-1,-1,-1
1481,2,303.08,171.35,10.01,5.00,0.61,-1,-1,-1
1521,2,244.54,214.30,8.61,5.96,0.43,-1,-1,-1
1561,2,281.88,201.85,10.48,6.10,0.34,-1,-1,-1
1581,2,173.84,237.50,7.26,4.03,0.47,-1,-1,-1
1621,2,170.31,238.76,7.10,3.27,0.48,-1,-1,-1
1661,1,115.50,108.07,8.96,4.56,0.48,-1,-1,-1
1681,1,204.88,151.50,9.42,6.02,0.40,-1,-1,-1
1701,1,81.68,83.49,8.93,5.58,0.57,-1,-1,-1
1721,1,82.47,84.59,9.97,5.53,0.56,-1,-1,-1
1741,1,82.96,84.87,9.25,5.55,0.58,-1,-1,-1
1761,1,84.13,84.49,8.44,5.15,0.56,-1,-1,-1
1781,1,84.55,83.56,8.90,5.73,0.54,-1,-1,-1
1801,1,85.31,83.55,8.21,4.99,0.47,-1,-1,-1
1841,2,208.38,230.78,8.27,4.42,0.35,-1,-1,-1
1841,1,107.35,78.01,8.05,4.89,0.61,-1,-1,-1
1981,1,224.86,34.18,9.01,6.90,0.51,-1,-1,-1
2021,1,232.26,47.32,9.01,6.75,0.41,-1,-1,-1
2081,1,174.94,239.91,7.54,3.67,0.46,-1,-1,-1
2101,2,171.42,238.59,7.50,3.37,0.48,-1,-1,-1
2161,1,307.44,151.41,7.42,4.98,0.46,-1,-1,-1
2181,1,307.74,151.61,8.26,4.32,0.44,-1,-1,-1
2201,1,308.82,151.97,5.67,3.56,0.37,-1,-1,-1
2241,1,298.77,141.92,6.56,3.55,0.68,-1,-1,-1
2261,2,243.19,180.71,8.81,4.88,0.44,-1,-1,-1
2281,2,244.19,179.80,7.91,4.91,0.37,-1,-1,-1
2281,1,508.18,195.92,8.88,4.53,0.30,-1,-1,-1
2361,2,268.34,187.44,8.08,4.95,0.32,-1,-1,-1
2401,1,430.88,73.09,13.93,9.34,0.62,-1,-1,-1
2421,1,424.82,69.87,14.52,11.70,0.60,-1,-1,-1
2421,2,288.60,100.41,6.00,6.26,0.38,-1,-1,-1
2441,2,245.00,216.51,8.51,5.37,0.43,-1,-1,-1
2441,1,403.35,78.22,13.17,9.68,0.45,-1,-1,-1
2461,2,325.70,140.12,10.33,8.13,0.46,-1,-1,-1
2481,2,323.23,116.09,12.81,7.43,0.43,-1,-1,-1
2501,2,255.74,125.46,9.85,5.96,0.34,-1,-1,-1
2521,2,269.61,114.94,7.13,3.97,0.33,-1,-1,-1
2561,2,172.72,240.13,8.30,3.51,0.39,-1,-1,-1
2561,1,234.11,162.98,11.55,7.68,0.35,-1,-1,-1
2601,1,196.88,233.15,7.91,3.83,0.38,-1,-1,-1
2621,1,301.33,204.06,9.79,5.30,0.65,-1,-1,-1
2681,1,288.75,197.52,8.58,6.46,0.45,-1,-1,-1
2721,1,128.12,131.92,7.91,4.63,0.52,-1,-1,-1
2741,1,351.26,254.95,7.73,5.30,0.37,-1,-1,-1
2821,1,196.29,214.20,8.85,5.23,0.43,-1,-1,-1
2961,2,192.16,228.60,7.56,5.03,0.34,-1,-1,-1
2981,2,198.14,245.47,8.73,4.32,0.39,-1,-1,-1
3081,2,268.80,235.93,7.41,5.05,0.56,-1,-1,-1
3101,2,243.37,180.85,6.38,3.96,0.52,-1,-1,-1
3161,1,627.24,36.59,12.08,9.17,0.42,-1,-1,-1
3221,1,553.87,72.01,13.23,8.33,0.41,-1,-1,-1
3221,2,264.00,212.38,7.65,4.53,0.35,-1,-1,-1
3241,1,366.98,157.71,10.04,6.74,0.31,-1,-1,-1
3261,2,261.49,197.33,9.67,5.25,0.41,-1,-1,-1
3261,1,487.88,100.91,11.82,8.56,0.46,-1,-1,-1
3281,1,448.35,117.83,11.62,7.49,0.47,-1,-1,-1
3301,2,260.89,183.22,9.19,5.33,0.37,-1,-1,-1
3381,2,277.26,191.22,8.64,5.45,0.41,-1,-1,-1
3501,2,328.86,162.61,12.61,7.19,0.40,-1,-1,-1
3521,2,328.20,165.16,11.28,6.29,0.33,-1,-1,-1
