1,1,432.25,129.62,7.50,5.25,0.99,-1,-1,-1
1,2,264.00,171.50,11.50,7.00,0.99,-1,-1,-1
1,3,408.75,196.12,8.50,5.00,0.99,-1,-1,-1
21,1,425.20,121.79,9.53,5.09,0.99,-1,-1,-1
21,2,263.04,172.10,12.10,6.55,0.99,-1,-1,-1
21,3,407.18,195.93,10.28,5.67,0.99,-1,-1,-1
41,1,416.75,109.10,9.37,6.57,0.99,-1,-1,-1
41,2,261.63,172.74,11.63,7.14,0.99,-1,-1,-1
41,3,406.47,195.40,10.30,6.11,0.99,-1,-1,-1
61,1,415.40,106.49,9.27,6.17,0.99,-1,-1,-1
61,2,253.48,174.94,12.68,7.66,1.00,-1,-1,-1
61,3,403.17,177.58,9.16,5.77,0.99,-1,-1,-1
81,1,421.92,102.46,9.48,6.10,0.98,-1,-1,-1
81,2,233.52,182.06,11.45,7.74,0.99,-1,-1,-1
81,3,400.77,168.36,10.10,6.02,0.99,-1,-1,-1
101,1,433.10,97.33,9.55,6.53,0.99,-1,-1,-1
101,2,197.83,194.59,12.00,7.45,0.99,-1,-1,-1
101,3,400.30,168.96,10.15,5.78,0.99,-1,-1,-1
121,1,444.74,92.95,9.51,6.38,0.99,-1,-1,-1
121,2,156.67,209.91,10.97,6.29,1.00,-1,-1,-1
121,3,400.15,167.78,9.90,6.69,0.99,-1,-1,-1
141,1,447.68,92.14,10.11,5.89,0.99,-1,-1,-1
141,2,116.26,224.79,11.76,5.26,1.00,-1,-1,-1
141,3,394.78,139.83,9.40,5.24,0.98,-1,-1,-1
161,1,448.22,91.76,9.75,6.40,0.99,-1,-1,-1
161,2,101.06,229.58,12.07,5.40,0.99,-1,-1,-1
161,3,388.11,117.64,10.07,5.33,0.99,-1,-1,-1
181,1,449.18,95.14,9.56,6.61,0.99,-1,-1,-1
181,2,102.73,229.37,10.89,5.18,0.98,-1,-1,-1
181,3,382.09,92.19,9.67,6.58,0.99,-1,-1,-1
201,1,452.97,106.48,9.59,5.65,0.99,-1,-1,-1
201,2,124.94,221.39,11.90,5.40,0.99,-1,-1,-1
201,3,376.86,70.33,10.10,6.39,0.99,-1,-1,-1
221,1,457.24,116.58,8.58,5.60,0.98,-1,-1,-1
221,2,164.07,208.21,11.10,5.19,1.00,-1,-1,-1
221,3,383.12,64.76,10.05,5.62,1.00,-1,-1,-1
241,1,461.08,127.59,8.86,5.72,0.98,-1,-1,-1
241,2,229.58,183.70,12.35,6.60,1.00,-1,-1,-1
241,3,415.56,52.36,10.11,5.68,0.98,-1,-1,-1
261,1,465.24,137.71,8.33,5.27,0.99,-1,-1,-1
261,2,280.21,165.77,11.47,8.23,0.99,-1,-1,-1
261,3,477.40,28.98,9.32,5.97,0.98,-1,-1,-1
281,1,466.01,142.11,8.67,5.76,0.98,-1,-1,-1
281,2,281.05,159.57,12.49,7.42,1.00,-1,-1,-1
281,3,555.53,-0.16,10.13,5.69,0.98,-1,-1,-1
301,1,466.05,142.00,8.65,6.02,0.98,-1,-1,-1
301,2,276.96,141.25,12.46,7.35,0.99,-1,-1,-1
321,1,467.63,145.66,7.65,4.78,0.98,-1,-1,-1
321,2,275.49,122.92,10.64,7.74,0.99,-1,-1,-1
341,1,467.50,146.21,7.80,5.63,0.96,-1,-1,-1
341,2,274.57,112.03,11.37,6.90,1.00,-1,-1,-1
341,3,609.45,3.07,9.79,7.43,0.98,-1,-1,-1
361,1,467.20,145.49,8.62,6.00,0.98,-1,-1,-1
361,2,275.89,115.93,11.23,8.29,0.99,-1,-1,-1
361,3,620.05,22.41,10.48,6.87,0.98,-1,-1,-1
381,1,467.16,146.20,8.68,5.11,0.99,-1,-1,-1
381,2,278.29,126.29,10.85,7.21,1.00,-1,-1,-1
381,3,632.89,47.41,7.10,5.27,0.39,-1,-1,-1
401,1,466.30,146.50,8.64,6.01,0.96,-1,-1,-1
401,2,279.83,137.86,12.09,7.48,1.00,-1,-1,-1
421,1,447.28,153.50,6.88,5.02,0.98,-1,-1,-1
421,2,282.49,151.28,12.31,7.48,1.00,-1,-1,-1
441,1,423.77,161.07,7.08,5.70,0.99,-1,-1,-1
441,2,284.82,164.43,11.55,7.78,0.99,-1,-1,-1
461,2,285.37,185.00,13.12,6.44,1.00,-1,-1,-1
461,1,397.12,171.80,7.54,3.92,0.98,-1,-1,-1
481,2,289.27,214.02,12.95,7.05,0.99,-1,-1,-1
481,1,392.92,173.29,7.15,4.69,0.97,-1,-1,-1
481,3,616.87,174.03,10.98,7.42,0.99,-1,-1,-1
501,2,291.15,223.06,12.48,6.55,1.00,-1,-1,-1
501,1,391.31,173.34,7.90,5.38,0.98,-1,-1,-1
501,3,549.65,209.02,12.05,5.63,1.00,-1,-1,-1
521,2,290.56,222.95,12.47,5.90,1.00,-1,-1,-1
521,1,390.17,172.90,7.42,4.75,0.97,-1,-1,-1
521,3,505.00,227.06,10.31,6.55,0.99,-1,-1,-1
541,2,282.93,223.99,12.36,7.10,1.00,-1,-1,-1
541,1,388.77,171.13,8.86,5.03,0.99,-1,-1,-1
541,3,455.77,242.97,9.80,6.07,0.99,-1,-1,-1
561,2,263.86,230.01,13.09,7.24,0.99,-1,-1,-1
561,1,385.72,167.11,7.44,4.34,0.97,-1,-1,-1
561,3,409.09,259.01,8.82,4.52,0.99,-1,-1,-1
581,2,238.62,237.84,12.20,7.97,1.00,-1,-1,-1
581,1,380.89,159.80,8.09,4.86,0.98,-1,-1,-1
581,3,369.91,271.85,8.61,4.39,0.99,-1,-1,-1
601,2,202.13,250.52,12.41,6.80,1.00,-1,-1,-1
601,1,370.97,147.73,9.20,5.55,0.98,-1,-1,-1
601,3,330.39,284.06,9.13,4.48,0.98,-1,-1,-1
621,2,162.23,264.59,12.33,5.79,1.00,-1,-1,-1
621,1,361.70,135.18,8.90,4.83,0.98,-1,-1,-1
621,3,323.09,277.00,8.97,5.50,0.99,-1,-1,-1
641,2,127.49,276.22,11.99,5.00,0.98,-1,-1,-1
641,1,352.30,121.93,10.18,6.64,0.99,-1,-1,-1
641,3,322.93,266.96,7.84,5.25,0.97,-1,-1,-1
661,2,110.22,282.45,11.75,4.68,0.99,-1,-1,-1
661,1,348.99,119.66,9.63,4.74,0.99,-1,-1,-1
661,3,323.62,269.16,11.51,6.75,0.99,-1,-1,-1
681,2,113.65,281.32,12.13,4.89,0.99,-1,-1,-1
681,1,349.31,119.91,10.23,5.74,0.99,-1,-1,-1
681,3,341.36,285.80,9.85,5.61,0.99,-1,-1,-1
701,2,139.84,273.37,11.77,4.53,1.00,-1,-1,-1
701,1,352.40,122.87,8.96,4.97,0.99,-1,-1,-1
701,3,370.35,310.53,8.51,5.12,0.98,-1,-1,-1
721,2,188.50,257.23,11.92,5.19,1.00,-1,-1,-1
721,1,356.39,128.62,10.29,5.47,1.00,-1,-1,-1
721,3,399.51,331.90,6.34,4.23,0.97,-1,-1,-1
741,2,233.50,240.55,11.28,9.74,0.99,-1,-1,-1
741,1,361.69,134.09,9.61,5.96,0.98,-1,-1,-1
741,3,417.33,339.37,6.40,4.11,0.93,-1,-1,-1
761,2,244.45,238.72,11.69,5.67,1.00,-1,-1,-1
761,1,367.87,142.91,9.00,4.46,0.99,-1,-1,-1
761,3,424.68,335.59,5.93,4.19,0.88,-1,-1,-1
781,2,254.13,235.41,12.84,5.39,0.99,-1,-1,-1
781,1,375.97,150.73,7.20,5.25,0.98,-1,-1,-1
781,3,421.73,317.33,7.02,5.56,0.85,-1,-1,-1
801,2,276.94,226.93,12.66,5.85,0.99,-1,-1,-1
801,1,381.36,157.62,7.83,5.72,0.97,-1,-1,-1
801,3,418.11,299.40,6.23,4.80,0.57,-1,-1,-1
821,2,301.52,208.64,12.60,8.77,1.00,-1,-1,-1
821,1,387.38,165.01,8.08,5.18,0.98,-1,-1,-1
821,3,414.38,282.99,5.85,3.73,0.92,-1,-1,-1
841,2,307.03,206.42,12.06,7.36,1.00,-1,-1,-1
841,1,393.19,173.24,7.08,4.58,0.98,-1,-1,-1
841,3,408.99,265.11,6.10,3.87,0.97,-1,-1,-1
861,2,304.95,207.56,12.44,6.32,1.00,-1,-1,-1
861,1,399.23,179.71,6.98,3.72,0.98,-1,-1,-1
861,3,405.94,249.16,5.42,3.39,0.81,-1,-1,-1
881,2,304.32,207.72,12.19,6.55,1.00,-1,-1,-1
881,1,402.82,183.81,7.40,4.00,0.96,-1,-1,-1
881,3,404.33,241.71,5.75,4.51,0.79,-1,-1,-1
901,2,302.47,207.86,12.29,7.18,1.00,-1,-1,-1
901,1,402.09,183.54,8.60,4.85,0.97,-1,-1,-1
901,3,405.56,241.66,5.74,3.82,0.94,-1,-1,-1
921,2,294.83,210.08,12.92,6.70,1.00,-1,-1,-1
921,1,404.07,183.59,7.60,3.94,0.93,-1,-1,-1
921,3,412.02,240.43,5.26,3.05,0.89,-1,-1,-1
941,2,283.56,213.77,11.35,6.94,0.99,-1,-1,-1
941,1,410.67,181.08,8.05,5.09,0.97,-1,-1,-1
941,3,420.01,236.92,6.36,4.77,0.93,-1,-1,-1
961,2,268.54,218.55,11.64,6.26,1.00,-1,-1,-1
961,1,420.60,178.00,9.24,5.12,0.99,-1,-1,-1
961,3,432.34,235.01,4.07,3.21,0.82,-1,-1,-1
981,2,260.58,221.21,12.59,5.78,0.99,-1,-1,-1
981,1,439.54,172.11,6.96,4.25,0.98,-1,-1,-1
981,3,443.34,231.67,5.98,3.86,0.92,-1,-1,-1
1001,2,278.22,215.48,11.47,5.83,0.99,-1,-1,-1
1001,1,464.86,163.64,7.36,4.43,0.98,-1,-1,-1
1001,3,458.19,226.75,6.30,4.35,0.77,-1,-1,-1
1021,2,313.68,202.12,12.03,8.78,0.99,-1,-1,-1
1021,1,488.28,155.64,7.14,4.96,0.98,-1,-1,-1
1021,3,475.24,222.80,4.75,3.49,0.73,-1,-1,-1
1041,2,327.88,195.44,12.39,7.97,0.99,-1,-1,-1
1041,1,511.69,147.43,7.77,5.07,0.99,-1,-1,-1
1041,3,491.51,217.48,7.47,4.20,0.91,-1,-1,-1
1061,2,323.72,185.75,13.05,7.35,1.00,-1,-1,-1
1061,1,524.43,143.58,7.35,4.70,0.95,-1,-1,-1
1061,3,511.62,212.55,4.37,4.12,0.47,-1,-1,-1
1081,2,321.86,176.09,12.08,6.68,1.00,-1,-1,-1
1081,1,523.83,143.23,8.71,4.51,0.98,-1,-1,-1
1081,3,511.81,202.73,5.05,3.93,0.52,-1,-1,-1
1101,2,320.66,163.07,11.98,7.51,0.99,-1,-1,-1
1101,1,524.70,142.76,8.40,4.72,0.97,-1,-1,-1
1101,3,507.35,190.78,4.38,3.19,0.40,-1,-1,-1
1121,2,320.19,152.61,11.65,7.18,1.00,-1,-1,-1
1121,1,524.40,141.07,7.34,4.55,0.91,-1,-1,-1
1121,3,504.44,178.36,5.43,4.29,0.40,-1,-1,-1
1141,2,321.59,151.76,11.46,7.96,0.99,-1,-1,-1
1141,1,520.76,133.03,7.98,5.18,0.97,-1,-1,-1
1141,3,500.07,167.38,7.77,5.21,0.75,-1,-1,-1
1161,2,324.48,168.69,11.54,7.52,1.00,-1,-1,-1
1161,1,515.41,118.91,7.03,5.22,0.95,-1,-1,-1
1161,3,496.30,155.33,5.76,3.13,0.96,-1,-1,-1
1181,2,327.88,199.88,11.90,6.92,1.00,-1,-1,-1
1181,1,507.99,97.06,8.18,5.68,0.98,-1,-1,-1
1181,3,491.17,141.21,5.67,4.35,0.89,-1,-1,-1
1201,2,327.85,203.61,12.81,7.23,0.99,-1,-1,-1
1201,1,499.55,75.07,8.73,6.04,0.98,-1,-1,-1
1221,2,330.95,213.53,12.27,6.81,0.99,-1,-1,-1
1221,1,488.05,48.38,10.44,6.24,0.99,-1,-1,-1
1221,3,482.72,116.85,6.42,4.84,0.91,-1,-1,-1
1241,2,332.76,224.95,12.45,6.25,1.00,-1,-1,-1
1241,1,476.25,19.49,11.94,9.47,0.99,-1,-1,-1
1241,3,478.32,105.58,5.94,3.55,0.83,-1,-1,-1
1261,2,333.37,226.98,12.95,6.47,0.99,-1,-1,-1
1261,1,471.38,16.04,11.67,7.58,0.99,-1,-1,-1
1261,3,475.51,96.20,6.83,4.72,0.85,-1,-1,-1
1281,2,333.14,226.59,13.12,6.58,0.99,-1,-1,-1
1281,1,469.86,16.37,10.83,7.75,1.00,-1,-1,-1
1281,3,474.95,96.39,5.11,4.41,0.90,-1,-1,-1
1301,2,335.27,228.09,13.86,7.79,0.99,-1,-1,-1
1301,1,465.12,17.78,11.83,9.33,0.99,-1,-1,-1
1301,3,471.18,97.19,7.06,4.45,0.99,-1,-1,-1
1321,2,343.35,237.22,12.40,6.79,0.99,-1,-1,-1
1321,1,454.27,24.25,12.02,7.63,1.00,-1,-1,-1
1321,3,464.11,100.15,5.96,4.29,0.94,-1,-1,-1
1341,2,354.62,249.22,11.43,4.82,0.99,-1,-1,-1
1341,1,441.20,31.48,10.08,7.41,0.99,-1,-1,-1
1361,2,358.02,252.67,10.41,5.53,0.99,-1,-1,-1
1361,1,415.31,44.79,10.18,7.13,0.99,-1,-1,-1
1381,2,357.42,251.97,10.60,5.30,0.99,-1,-1,-1
1381,1,394.40,55.10,9.79,6.62,0.99,-1,-1,-1
1381,3,430.29,113.45,6.07,4.28,0.85,-1,-1,-1
1401,2,353.19,248.20,11.91,5.51,0.99,-1,-1,-1
1401,1,372.92,64.79,10.89,7.40,1.00,-1,-1,-1
1401,3,417.32,117.71,5.86,4.27,0.88,-1,-1,-1
1421,2,344.02,239.55,11.98,5.83,1.00,-1,-1,-1
1421,1,349.44,75.96,10.18,7.13,0.99,-1,-1,-1
1421,3,402.03,122.83,6.99,4.25,0.96,-1,-1,-1
1441,2,332.32,225.73,11.59,6.65,1.00,-1,-1,-1
1441,1,326.40,86.38,10.28,7.15,0.99,-1,-1,-1
1461,2,317.52,210.24,12.93,7.23,1.00,-1,-1,-1
1461,1,306.44,96.60,9.15,5.93,0.99,-1,-1,-1
1461,3,373.26,134.17,6.30,4.81,0.96,-1,-1,-1
1481,2,302.01,195.58,14.49,9.02,0.99,-1,-1,-1
1481,1,281.88,106.43,10.54,6.54,0.99,-1,-1,-1
1481,3,356.17,140.72,5.29,3.66,0.75,-1,-1,-1
1501,2,300.68,194.19,14.97,7.46,1.00,-1,-1,-1
1501,1,260.50,115.05,10.67,7.24,0.99,-1,-1,-1
1501,3,338.72,146.93,5.06,3.77,0.94,-1,-1,-1
1521,2,302.01,192.30,13.88,8.45,1.00,-1,-1,-1
1521,1,245.07,123.80,10.38,5.74,0.99,-1,-1,-1
1521,3,330.01,151.18,5.02,4.06,0.76,-1,-1,-1
1541,2,302.05,192.94,14.19,7.93,1.00,-1,-1,-1
1541,1,230.30,130.82,8.74,5.20,0.99,-1,-1,-1
1541,3,329.07,150.95,6.15,4.12,0.95,-1,-1,-1
1561,2,301.66,192.19,13.95,8.14,1.00,-1,-1,-1
1561,1,227.39,132.65,10.50,6.42,0.99,-1,-1,-1
1581,2,300.35,191.89,14.86,7.72,1.00,-1,-1,-1
1581,1,229.82,132.51,9.79,6.24,0.99,-1,-1,-1
1581,3,340.33,146.23,6.98,3.95,0.95,-1,-1,-1
1601,2,301.11,191.83,13.67,7.78,1.00,-1,-1,-1
1601,1,230.39,135.21,10.35,5.55,0.99,-1,-1,-1
1601,3,349.01,144.00,5.26,3.53,0.84,-1,-1,-1
1621,2,303.00,193.55,14.52,8.50,1.00,-1,-1,-1
1621,1,234.56,137.91,10.02,5.40,0.99,-1,-1,-1
1641,2,307.66,198.47,15.36,8.83,1.00,-1,-1,-1
1641,1,240.17,144.80,9.83,5.68,0.99,-1,-1,-1
1641,3,360.78,139.21,6.10,3.91,0.98,-1,-1,-1
1661,2,318.92,208.75,14.12,8.14,1.00,-1,-1,-1
1661,1,248.69,152.02,9.61,4.85,0.99,-1,-1,-1
1661,3,366.93,137.29,5.36,3.51,0.31,-1,-1,-1
1681,2,332.66,222.38,12.78,6.47,1.00,-1,-1,-1
1681,1,256.49,157.66,8.80,5.58,0.99,-1,-1,-1
1681,3,370.99,135.44,5.78,3.53,0.91,-1,-1,-1
1701,2,340.00,229.56,12.16,5.68,0.99,-1,-1,-1
1701,1,261.85,163.43,8.52,5.55,0.98,-1,-1,-1
1701,3,376.13,132.91,6.30,4.33,0.89,-1,-1,-1
1721,2,339.87,227.23,12.40,7.00,0.99,-1,-1,-1
1721,1,264.79,167.49,9.01,4.30,0.98,-1,-1,-1
1721,3,380.85,131.28,5.47,3.53,0.46,-1,-1,-1
1741,2,337.68,217.84,12.34,7.11,1.00,-1,-1,-1
1741,1,269.53,170.22,8.25,5.01,0.99,-1,-1,-1
1741,3,389.05,127.21,7.19,3.66,0.95,-1,-1,-1
1761,2,336.43,209.19,12.32,7.45,1.00,-1,-1,-1
1761,1,271.82,173.16,8.72,5.53,0.99,-1,-1,-1
1761,3,401.52,122.65,5.35,3.96,0.97,-1,-1,-1
1781,2,335.82,202.94,12.58,6.90,0.99,-1,-1,-1
1781,1,273.06,175.40,9.64,4.08,0.98,-1,-1,-1
1801,2,335.48,197.69,12.21,6.89,0.99,-1,-1,-1
1801,1,275.77,176.96,9.05,4.64,0.99,-1,-1,-1
1801,3,424.81,113.77,4.82,4.66,0.72,-1,-1,-1
1821,2,335.82,197.75,12.29,7.12,0.99,-1,-1,-1
1821,1,277.79,178.13,8.27,5.38,0.99,-1,-1,-1
1821,3,427.71,119.24,6.73,4.64,0.64,-1,-1,-1
1841,2,330.48,199.36,11.13,7.74,1.00,-1,-1,-1
1841,1,277.88,177.97,8.47,5.55,0.99,-1,-1,-1
1841,3,431.85,133.50,5.25,4.43,0.88,-1,-1,-1
1861,2,307.26,207.60,12.30,7.04,1.00,-1,-1,-1
1861,1,277.73,178.59,7.90,4.91,0.99,-1,-1,-1
1861,3,432.81,137.28,6.54,5.05,0.94,-1,-1,-1
1881,2,287.76,215.55,10.70,6.12,0.99,-1,-1,-1
1881,1,278.48,179.29,8.29,5.60,0.99,-1,-1,-1
1881,3,433.60,138.09,6.05,4.18,0.98,-1,-1,-1
1901,2,285.73,216.61,11.77,6.14,1.00,-1,-1,-1
1901,1,283.05,181.90,9.05,5.32,0.97,-1,-1,-1
1901,3,440.56,135.99,5.99,4.22,0.88,-1,-1,-1
1921,2,287.14,226.89,12.01,6.30,0.99,-1,-1,-1
1921,1,289.96,186.18,8.38,4.33,0.99,-1,-1,-1
1921,3,458.79,129.31,5.67,4.70,0.62,-1,-1,-1
1941,2,288.47,240.03,12.65,5.68,1.00,-1,-1,-1
1941,1,299.07,191.05,8.05,4.32,0.97,-1,-1,-1
1941,3,473.02,128.15,6.08,4.93,0.94,-1,-1,-1
1961,2,289.47,252.48,12.84,6.18,0.99,-1,-1,-1
1961,1,312.56,196.23,5.44,4.87,0.86,-1,-1,-1
1961,3,473.29,129.65,7.20,4.52,0.96,-1,-1,-1
1981,2,290.11,253.06,11.99,6.37,0.99,-1,-1,-1
1981,1,322.14,201.35,7.43,4.42,0.98,-1,-1,-1
1981,3,474.39,130.05,5.32,3.92,0.76,-1,-1,-1
1987,2,290.19,252.43,11.63,6.66,0.99,-1,-1,-1
1987,1,325.88,203.40,7.80,4.31,0.99,-1,-1,-1
1987,3,474.75,129.79,5.50,4.81,0.63,-1,-1,-1
