1,1,187.75,112.44,9.25,5.50,0.99,-1,-1,-1
1,2,371.25,203.25,8.50,5.25,0.98,-1,-1,-1
1,3,236.00,260.00,7.75,5.00,0.98,-1,-1,-1
21,1,188.17,112.51,8.19,4.68,0.99,-1,-1,-1
21,2,375.95,208.23,10.70,5.00,0.99,-1,-1,-1
21,3,235.99,260.16,8.35,4.68,0.99,-1,-1,-1
41,1,188.34,112.00,8.16,5.43,0.99,-1,-1,-1
41,2,383.31,212.12,8.13,5.68,0.99,-1,-1,-1
41,3,235.32,260.03,9.08,4.93,0.99,-1,-1,-1
61,1,189.55,110.89,7.57,4.82,0.98,-1,-1,-1
61,2,388.92,217.64,8.67,4.93,0.99,-1,-1,-1
61,3,234.94,259.99,9.27,4.63,0.99,-1,-1,-1
81,1,188.79,110.27,8.05,5.38,0.98,-1,-1,-1
81,2,393.96,223.44,9.54,4.59,0.99,-1,-1,-1
81,3,235.28,262.01,8.63,4.50,0.98,-1,-1,-1
101,1,188.54,109.71,8.11,5.96,0.98,-1,-1,-1
101,2,402.56,228.51,8.31,5.94,0.98,-1,-1,-1
101,3,236.29,267.94,8.19,4.64,0.98,-1,-1,-1
121,1,188.51,109.84,7.69,4.75,0.97,-1,-1,-1
121,2,409.57,235.98,7.73,4.17,0.97,-1,-1,-1
121,3,236.14,275.52,8.87,4.39,0.99,-1,-1,-1
141,1,187.95,109.18,9.35,5.70,0.98,-1,-1,-1
141,2,415.54,241.41,9.31,4.78,0.99,-1,-1,-1
141,3,236.42,282.97,9.56,4.81,0.99,-1,-1,-1
161,1,188.03,109.44,8.82,5.13,0.98,-1,-1,-1
161,2,422.00,247.23,8.59,5.42,0.98,-1,-1,-1
161,3,236.87,289.17,8.85,4.00,0.99,-1,-1,-1
181,1,186.78,107.85,7.99,4.45,0.98,-1,-1,-1
181,2,427.11,252.39,8.94,3.99,0.98,-1,-1,-1
181,3,237.05,287.29,8.36,4.04,0.99,-1,-1,-1
201,1,179.08,101.42,8.53,4.31,0.97,-1,-1,-1
201,2,431.46,258.82,6.53,4.58,0.98,-1,-1,-1
201,3,236.52,281.95,8.96,4.14,0.99,-1,-1,-1
221,1,165.11,87.73,8.77,4.40,0.99,-1,-1,-1
221,2,430.59,257.08,6.99,4.12,0.99,-1,-1,-1
221,3,235.74,276.80,9.69,4.39,0.99,-1,-1,-1
241,1,145.11,67.71,8.93,5.11,0.98,-1,-1,-1
241,2,425.41,235.69,7.76,4.66,0.99,-1,-1,-1
241,3,236.19,271.41,8.55,4.17,0.98,-1,-1,-1
261,1,124.06,46.36,8.81,5.39,0.99,-1,-1,-1
261,2,422.32,223.92,7.50,4.37,0.99,-1,-1,-1
261,3,236.35,265.84,8.77,4.49,0.99,-1,-1,-1
281,1,107.26,30.37,10.12,7.07,0.99,-1,-1,-1
281,2,418.56,213.98,8.28,5.02,0.98,-1,-1,-1
281,3,237.56,259.59,7.54,4.97,0.99,-1,-1,-1
301,1,104.07,28.41,10.42,6.37,0.99,-1,-1,-1
301,2,415.72,204.85,7.37,5.14,0.98,-1,-1,-1
301,3,236.46,253.12,8.16,4.84,0.98,-1,-1,-1
321,1,104.69,29.57,10.22,6.10,0.99,-1,-1,-1
321,2,413.17,196.83,7.78,5.20,0.92,-1,-1,-1
321,3,235.69,246.76,8.83,4.45,0.98,-1,-1,-1
341,1,105.43,29.71,10.19,6.45,0.99,-1,-1,-1
341,2,410.32,189.96,8.59,4.91,0.97,-1,-1,-1
341,3,235.99,245.10,8.28,4.83,0.98,-1,-1,-1
361,1,110.10,29.36,9.53,6.17,0.99,-1,-1,-1
361,2,410.51,189.35,7.22,5.16,0.96,-1,-1,-1
361,3,236.50,244.01,8.32,5.02,0.99,-1,-1,-1
381,1,118.25,27.19,9.90,6.10,0.99,-1,-1,-1
381,2,409.08,189.15,7.68,5.58,0.98,-1,-1,-1
381,3,235.12,231.40,8.01,4.38,0.98,-1,-1,-1
401,1,129.58,23.17,10.19,6.01,0.99,-1,-1,-1
401,2,409.02,188.51,6.44,4.51,0.98,-1,-1,-1
401,3,235.14,223.17,7.97,4.67,0.98,-1,-1,-1
421,1,142.89,17.95,10.50,5.72,1.00,-1,-1,-1
421,2,405.69,185.12,8.50,5.36,0.99,-1,-1,-1
421,3,234.29,222.62,8.71,4.51,0.98,-1,-1,-1
441,1,156.91,13.06,10.29,6.19,0.99,-1,-1,-1
441,2,407.59,193.74,7.49,5.24,0.99,-1,-1,-1
441,3,233.24,216.30,8.76,5.14,0.99,-1,-1,-1
461,1,171.08,7.02,10.33,6.64,0.99,-1,-1,-1
461,2,411.49,211.16,7.68,4.16,0.98,-1,-1,-1
461,3,233.16,207.13,8.00,4.73,0.98,-1,-1,-1
481,1,185.26,1.66,9.30,7.20,0.99,-1,-1,-1
481,2,413.81,224.18,8.81,4.61,0.99,-1,-1,-1
481,3,232.91,206.13,8.44,4.85,0.98,-1,-1,-1
501,1,196.16,-0.04,10.11,5.07,0.99,-1,-1,-1
501,2,416.45,228.22,7.41,5.15,0.98,-1,-1,-1
501,3,232.48,206.87,8.61,4.47,0.98,-1,-1,-1
521,1,199.28,0.05,9.02,4.07,0.98,-1,-1,-1
521,2,408.58,231.29,6.59,4.78,0.98,-1,-1,-1
521,3,232.32,213.93,7.98,5.48,0.98,-1,-1,-1
541,1,202.70,1.67,10.50,7.22,0.99,-1,-1,-1
541,2,388.97,238.51,7.98,4.99,0.97,-1,-1,-1
541,3,233.00,225.45,8.28,5.27,0.99,-1,-1,-1
561,1,208.56,10.98,9.73,6.88,0.99,-1,-1,-1
561,2,363.41,249.08,8.75,4.00,0.98,-1,-1,-1
561,3,232.60,232.34,9.22,4.62,0.99,-1,-1,-1
581,1,217.41,24.67,9.69,5.78,0.99,-1,-1,-1
581,2,355.72,251.92,9.32,4.12,0.98,-1,-1,-1
581,3,232.42,226.73,8.33,4.58,0.99,-1,-1,-1
601,1,227.31,37.96,9.54,6.91,0.99,-1,-1,-1
601,2,356.50,252.43,8.26,4.15,0.96,-1,-1,-1
601,3,232.18,220.73,8.85,4.50,0.99,-1,-1,-1
621,1,237.04,52.67,9.18,5.99,0.99,-1,-1,-1
621,2,355.01,250.87,8.69,4.44,0.98,-1,-1,-1
621,3,231.90,217.02,8.93,4.63,0.99,-1,-1,-1
641,1,245.80,65.98,9.03,5.87,1.00,-1,-1,-1
641,2,349.46,247.11,8.48,4.05,0.97,-1,-1,-1
641,3,231.62,209.11,7.47,4.87,0.99,-1,-1,-1
661,1,254.70,78.27,8.53,5.29,0.99,-1,-1,-1
661,2,343.09,240.39,7.71,4.11,0.99,-1,-1,-1
661,3,231.34,209.10,8.23,5.00,0.99,-1,-1,-1
681,1,264.12,89.12,6.38,5.19,0.99,-1,-1,-1
681,2,331.81,232.60,7.49,3.57,0.98,-1,-1,-1
681,3,232.26,215.59,8.70,4.43,0.99,-1,-1,-1
701,1,268.59,97.97,7.99,4.74,0.99,-1,-1,-1
701,2,318.53,221.93,8.99,4.94,0.98,-1,-1,-1
701,3,233.26,226.64,8.57,4.49,0.99,-1,-1,-1
721,1,272.89,101.89,6.32,5.00,0.97,-1,-1,-1
721,2,304.30,210.84,8.77,4.54,0.99,-1,-1,-1
721,3,232.88,229.40,9.16,4.76,0.98,-1,-1,-1
721,4,361.62,314.58,5.84,4.53,0.87,-1,-1,-1
741,1,276.14,106.41,7.22,4.83,0.97,-1,-1,-1
741,2,286.31,198.83,10.25,5.30,0.99,-1,-1,-1
741,3,232.78,224.26,8.95,4.83,0.99,-1,-1,-1
741,4,267.03,315.67,6.44,5.38,0.82,-1,-1,-1
761,1,276.83,108.02,8.07,5.40,0.98,-1,-1,-1
761,2,269.30,186.01,10.29,5.11,1.00,-1,-1,-1
761,3,232.52,216.13,8.92,4.42,0.99,-1,-1,-1
781,1,275.40,108.89,7.65,4.84,0.98,-1,-1,-1
781,2,250.21,171.69,10.51,6.03,0.99,-1,-1,-1
781,3,232.31,215.76,8.63,4.33,0.99,-1,-1,-1
781,4,53.48,294.35,5.10,3.70,0.90,-1,-1,-1
801,1,270.46,110.03,7.31,5.13,0.97,-1,-1,-1
801,2,228.58,157.32,11.07,6.34,0.99,-1,-1,-1
801,3,232.67,219.86,8.19,4.51,0.99,-1,-1,-1
821,1,260.56,112.31,8.88,5.03,0.99,-1,-1,-1
821,2,211.95,143.99,12.10,7.85,1.00,-1,-1,-1
821,3,232.18,217.45,7.70,4.57,0.99,-1,-1,-1
841,1,249.27,115.83,6.89,4.67,0.98,-1,-1,-1
841,2,210.11,143.58,11.70,6.44,1.00,-1,-1,-1
841,3,231.57,208.63,8.39,4.51,1.00,-1,-1,-1
841,4,171.83,275.27,3.66,2.96,0.73,-1,-1,-1
861,1,236.59,119.70,8.10,4.04,0.99,-1,-1,-1
861,2,211.64,143.71,11.77,6.31,1.00,-1,-1,-1
861,3,231.81,203.58,7.60,4.41,0.99,-1,-1,-1
881,1,223.63,123.04,6.79,4.07,0.98,-1,-1,-1
881,2,222.75,139.65,11.09,6.04,0.99,-1,-1,-1
881,3,231.56,203.33,8.94,4.78,0.99,-1,-1,-1
901,1,209.19,128.30,7.38,3.73,0.99,-1,-1,-1
901,2,242.28,130.60,12.04,6.71,0.99,-1,-1,-1
901,3,235.98,201.93,9.09,4.28,0.99,-1,-1,-1
921,1,200.76,130.32,7.58,4.61,0.99,-1,-1,-1
921,2,270.45,118.50,13.05,7.47,1.00,-1,-1,-1
921,3,251.06,196.46,7.56,4.83,0.97,-1,-1,-1
941,1,200.76,130.17,6.04,4.24,0.99,-1,-1,-1
941,2,304.74,104.76,12.97,6.78,1.00,-1,-1,-1
941,3,272.77,187.44,8.57,6.71,0.99,-1,-1,-1
961,1,201.88,129.45,6.05,4.22,0.98,-1,-1,-1
961,2,342.68,87.85,12.97,8.15,1.00,-1,-1,-1
961,3,283.84,184.88,9.15,4.76,0.99,-1,-1,-1
981,1,212.47,125.08,7.81,4.92,0.98,-1,-1,-1
981,2,386.00,69.55,12.69,8.75,0.99,-1,-1,-1
981,3,281.42,185.34,9.80,4.85,0.99,-1,-1,-1
1001,1,225.77,121.23,6.74,4.56,0.98,-1,-1,-1
1001,2,432.21,49.50,12.30,8.94,1.00,-1,-1,-1
1001,3,271.17,187.99,8.30,5.80,0.99,-1,-1,-1
1021,1,237.23,117.97,6.12,4.15,0.89,-1,-1,-1
1021,2,480.57,28.30,12.98,9.41,0.99,-1,-1,-1
1021,3,252.17,195.50,8.29,5.30,0.98,-1,-1,-1
1041,1,245.25,114.08,7.43,4.62,0.99,-1,-1,-1
1041,2,508.99,16.03,13.50,9.81,1.00,-1,-1,-1
1041,3,228.39,203.59,7.94,4.46,0.99,-1,-1,-1
1061,1,248.34,112.83,7.48,4.30,0.99,-1,-1,-1
1061,2,513.47,15.18,13.06,9.18,1.00,-1,-1,-1
1061,3,219.05,206.90,8.23,4.59,0.98,-1,-1,-1
1081,1,246.55,108.27,7.21,4.41,0.98,-1,-1,-1
1081,2,513.50,17.17,14.10,10.48,1.00,-1,-1,-1
1081,3,208.36,210.14,8.76,5.24,0.99,-1,-1,-1
1101,1,236.94,97.07,7.00,4.50,0.98,-1,-1,-1
1101,2,520.62,31.75,12.66,10.72,0.99,-1,-1,-1
1101,3,196.76,215.13,8.40,3.86,0.97,-1,-1,-1
1121,1,225.67,83.42,8.52,5.55,0.98,-1,-1,-1
1121,2,531.92,62.41,11.43,8.96,0.99,-1,-1,-1
1121,3,193.55,215.48,8.59,4.43,0.98,-1,-1,-1
1141,1,216.10,71.46,6.97,5.55,0.99,-1,-1,-1
1141,2,544.66,98.64,11.00,7.88,0.99,-1,-1,-1
1141,3,194.40,215.23,9.12,4.00,0.98,-1,-1,-1
1161,1,207.95,62.72,8.92,6.36,0.99,-1,-1,-1
1161,2,556.53,131.82,10.39,6.08,0.98,-1,-1,-1
1161,3,201.56,211.48,8.02,4.04,0.99,-1,-1,-1
1181,1,205.73,62.17,9.07,5.54,0.99,-1,-1,-1
1181,2,565.85,154.45,9.25,6.07,0.99,-1,-1,-1
1181,3,220.76,203.42,7.97,4.30,0.99,-1,-1,-1
1201,1,203.26,61.46,9.11,5.40,0.98,-1,-1,-1
1201,2,572.28,172.66,8.22,4.50,0.96,-1,-1,-1
1201,3,247.96,191.61,8.93,4.82,0.99,-1,-1,-1
1221,1,199.26,56.89,8.64,5.53,1.00,-1,-1,-1
1221,2,576.12,185.07,7.99,5.17,0.99,-1,-1,-1
1221,3,267.33,183.37,7.97,4.96,0.98,-1,-1,-1
1241,1,196.50,53.65,8.88,6.44,0.99,-1,-1,-1
1241,3,271.26,180.84,8.45,5.85,0.99,-1,-1,-1
1241,2,566.16,199.39,8.40,4.25,0.98,-1,-1,-1
1241,8,297.00,72.69,4.50,3.38,0.70,-1,-1,-1
1261,1,195.44,53.12,9.61,6.79,0.99,-1,-1,-1
1261,3,270.42,180.10,7.83,6.75,0.99,-1,-1,-1
1261,2,540.08,215.04,8.20,5.32,0.97,-1,-1,-1
1281,1,195.87,53.40,9.52,6.90,0.99,-1,-1,-1
1281,3,258.23,184.28,8.90,5.91,0.99,-1,-1,-1
1281,2,504.21,232.32,8.03,5.13,0.99,-1,-1,-1
1301,1,195.71,53.82,9.78,6.19,0.99,-1,-1,-1
1301,3,234.75,192.90,9.42,4.90,0.99,-1,-1,-1
1301,2,473.50,247.90,6.29,3.38,0.95,-1,-1,-1
1321,1,193.70,54.18,9.88,6.44,0.98,-1,-1,-1
1321,3,224.63,196.78,8.47,4.98,0.98,-1,-1,-1
1321,2,465.61,249.97,6.73,4.74,0.98,-1,-1,-1
1321,12,415.00,297.25,8.00,5.00,0.72,-1,-1,-1
1341,1,185.09,58.93,9.41,5.91,0.99,-1,-1,-1
1341,3,212.80,200.62,8.74,5.25,0.99,-1,-1,-1
1341,2,463.00,250.95,6.09,4.88,0.96,-1,-1,-1
1341,16,173.00,346.75,3.50,3.00,0.74,-1,-1,-1
1361,1,171.44,64.79,9.17,5.15,0.99,-1,-1,-1
1361,3,204.38,204.25,8.19,4.10,0.99,-1,-1,-1
1361,2,453.94,255.04,6.93,3.56,0.96,-1,-1,-1
1381,1,155.60,71.55,8.38,5.40,0.99,-1,-1,-1
1381,3,204.55,203.76,8.37,4.29,0.99,-1,-1,-1
1381,2,438.13,259.76,5.35,4.32,0.94,-1,-1,-1
1401,1,136.82,79.62,9.10,5.54,0.99,-1,-1,-1
1401,3,215.20,199.61,8.30,4.40,0.99,-1,-1,-1
1401,2,408.15,270.09,7.06,4.74,0.97,-1,-1,-1
1421,1,119.48,87.91,8.31,4.72,0.99,-1,-1,-1
1421,3,230.97,192.78,8.21,6.50,0.99,-1,-1,-1
1421,2,375.67,282.22,5.88,3.38,0.97,-1,-1,-1
1441,1,103.11,94.03,8.70,5.85,0.99,-1,-1,-1
1441,3,234.78,191.72,8.97,4.53,0.98,-1,-1,-1
1441,2,346.44,291.51,6.86,3.89,0.98,-1,-1,-1
1461,1,93.74,98.38,8.44,5.17,0.99,-1,-1,-1
1461,3,245.44,186.14,9.54,5.77,1.00,-1,-1,-1
1461,2,321.81,300.62,5.52,4.14,0.94,-1,-1,-1
1481,1,92.95,99.91,8.37,4.61,0.98,-1,-1,-1
1481,3,251.96,184.06,8.79,5.71,0.99,-1,-1,-1
1481,2,306.03,307.08,5.09,3.06,0.93,-1,-1,-1
1501,1,93.96,99.71,8.06,5.22,0.99,-1,-1,-1
1501,3,245.29,186.41,8.85,5.20,0.99,-1,-1,-1
1501,2,302.18,308.03,7.50,2.98,0.98,-1,-1,-1
1521,1,94.09,100.14,8.32,4.73,0.98,-1,-1,-1
1521,3,226.53,192.65,8.76,5.77,0.99,-1,-1,-1
1521,2,300.42,307.02,7.58,3.47,0.97,-1,-1,-1
1541,1,94.79,99.79,7.87,4.74,0.99,-1,-1,-1
1541,3,198.95,202.64,8.72,5.05,0.99,-1,-1,-1
1541,2,296.17,304.84,7.23,3.13,0.98,-1,-1,-1
1561,1,96.26,100.30,9.01,5.59,0.99,-1,-1,-1
1561,3,170.83,213.10,8.83,5.29,0.98,-1,-1,-1
1561,2,285.06,298.91,6.71,3.28,0.96,-1,-1,-1
1581,1,101.31,105.22,9.06,5.36,0.99,-1,-1,-1
1581,3,163.04,216.22,8.98,4.24,0.98,-1,-1,-1
1581,2,267.20,289.44,7.87,3.96,0.98,-1,-1,-1
1601,1,111.24,111.92,8.08,5.53,0.99,-1,-1,-1
1601,3,163.89,215.61,9.72,4.36,0.99,-1,-1,-1
1601,2,244.95,277.37,7.08,4.15,0.97,-1,-1,-1
1621,1,121.18,120.31,7.41,5.26,0.99,-1,-1,-1
1621,3,178.19,210.75,7.77,4.06,0.99,-1,-1,-1
1621,2,214.40,263.18,8.39,4.14,0.98,-1,-1,-1
1641,1,131.96,129.45,7.68,4.85,0.99,-1,-1,-1
1641,3,203.34,200.92,8.54,4.43,0.99,-1,-1,-1
1641,2,185.29,248.59,9.55,4.82,0.99,-1,-1,-1
1661,1,143.55,138.99,6.80,3.97,0.99,-1,-1,-1
1661,3,224.22,192.50,8.68,5.93,1.00,-1,-1,-1
1661,2,159.85,236.28,9.32,6.18,0.99,-1,-1,-1
1681,1,151.28,145.92,7.36,3.76,0.99,-1,-1,-1
1681,3,226.18,193.69,8.94,5.81,0.99,-1,-1,-1
1681,2,152.61,233.91,9.58,5.29,0.99,-1,-1,-1
1701,1,157.13,149.82,6.60,5.38,0.95,-1,-1,-1
1701,3,225.61,205.13,9.61,4.82,0.98,-1,-1,-1
1701,2,152.77,234.45,8.08,4.82,0.99,-1,-1,-1
1721,1,161.45,153.23,7.96,4.39,0.99,-1,-1,-1
1721,3,226.16,215.94,8.81,4.93,0.98,-1,-1,-1
1721,2,154.05,233.88,10.28,4.78,0.99,-1,-1,-1
1741,1,165.30,156.18,7.64,4.26,0.98,-1,-1,-1
1741,3,227.17,227.61,8.78,5.14,0.98,-1,-1,-1
1741,2,160.13,231.99,9.05,4.88,0.99,-1,-1,-1
1761,1,169.37,158.75,6.75,3.78,0.98,-1,-1,-1
1761,3,226.97,229.06,8.68,5.23,0.99,-1,-1,-1
1761,2,165.93,227.98,10.45,5.53,0.99,-1,-1,-1
1781,1,174.16,162.22,6.87,4.31,0.99,-1,-1,-1
1781,3,225.08,228.90,9.35,5.69,0.99,-1,-1,-1
1781,2,177.37,223.83,10.58,4.64,0.99,-1,-1,-1
1801,1,179.10,166.81,7.53,4.15,0.98,-1,-1,-1
1801,3,216.72,231.85,8.46,4.81,0.99,-1,-1,-1
1801,2,191.91,217.92,9.51,4.93,0.99,-1,-1,-1
1821,1,185.60,171.64,5.84,3.88,0.98,-1,-1,-1
1821,3,199.52,237.15,8.10,5.46,0.99,-1,-1,-1
1821,2,207.60,211.89,8.22,4.90,0.99,-1,-1,-1
1841,1,188.09,174.92,6.82,3.44,0.96,-1,-1,-1
1841,3,176.80,244.73,9.67,4.89,0.98,-1,-1,-1
1841,2,223.63,205.93,9.10,4.63,0.98,-1,-1,-1
1861,1,188.97,174.89,6.44,3.59,0.95,-1,-1,-1
1861,3,155.67,252.69,8.28,4.21,0.99,-1,-1,-1
1861,2,239.24,199.02,11.21,5.68,0.99,-1,-1,-1
1881,1,189.25,174.17,6.20,4.65,0.96,-1,-1,-1
1881,3,150.29,254.54,8.48,4.25,0.99,-1,-1,-1
1881,2,255.40,192.99,10.69,4.97,1.00,-1,-1,-1
1901,1,191.27,174.81,5.29,3.64,0.95,-1,-1,-1
1901,3,153.02,253.84,8.74,4.13,0.99,-1,-1,-1
1901,2,273.16,186.94,9.53,4.67,0.98,-1,-1,-1
1921,1,193.59,173.59,6.17,4.23,0.97,-1,-1,-1
1921,3,167.96,248.89,8.96,4.29,0.99,-1,-1,-1
1921,2,286.74,180.66,10.24,6.21,0.98,-1,-1,-1
1941,1,200.75,172.16,6.58,3.07,0.98,-1,-1,-1
1941,3,197.17,238.58,9.21,4.80,0.99,-1,-1,-1
1941,2,301.40,176.02,10.03,5.32,1.00,-1,-1,-1
1961,1,211.81,168.67,6.60,3.74,0.96,-1,-1,-1
1961,3,226.44,228.53,9.11,4.53,0.98,-1,-1,-1
1961,2,314.63,170.48,10.94,5.85,1.00,-1,-1,-1
1981,1,223.60,164.82,5.70,3.40,0.96,-1,-1,-1
1981,3,248.89,219.68,7.74,6.45,0.99,-1,-1,-1
1981,2,329.94,164.63,8.97,6.14,0.98,-1,-1,-1
2001,1,234.59,160.84,6.36,4.28,0.98,-1,-1,-1
2001,3,252.44,221.46,8.62,5.08,0.99,-1,-1,-1
2001,2,345.74,158.87,10.91,5.40,0.99,-1,-1,-1
2021,1,245.09,157.12,7.21,4.75,0.97,-1,-1,-1
2021,3,252.65,231.49,8.83,4.44,0.99,-1,-1,-1
2021,2,362.50,150.45,11.12,7.32,0.99,-1,-1,-1
2041,1,254.30,154.38,7.03,4.26,0.98,-1,-1,-1
2041,3,251.94,233.56,9.05,4.65,0.99,-1,-1,-1
2041,2,369.92,147.99,10.96,6.98,0.99,-1,-1,-1
2061,1,256.84,153.78,6.70,3.61,0.99,-1,-1,-1
2061,3,251.97,227.18,8.34,5.02,0.99,-1,-1,-1
2061,2,370.93,147.48,10.25,7.11,0.99,-1,-1,-1
2081,1,256.42,153.71,6.79,3.89,0.99,-1,-1,-1
2081,3,250.85,224.89,9.50,4.97,0.99,-1,-1,-1
2081,2,370.59,148.19,11.09,6.34,0.99,-1,-1,-1
2101,1,255.14,153.12,6.89,4.60,0.99,-1,-1,-1
2101,3,249.61,225.33,8.71,5.38,0.99,-1,-1,-1
2101,2,370.68,147.91,10.53,6.45,0.99,-1,-1,-1
2121,1,251.74,151.58,7.28,3.93,0.97,-1,-1,-1
2121,3,240.20,228.07,9.47,5.92,0.99,-1,-1,-1
2121,2,372.26,150.06,10.82,6.77,0.99,-1,-1,-1
2141,1,249.22,147.95,5.53,4.03,0.91,-1,-1,-1
2141,3,223.78,233.98,8.05,4.92,0.99,-1,-1,-1
2141,2,377.19,156.27,11.18,5.78,0.99,-1,-1,-1
2161,1,243.96,144.44,7.60,4.97,0.98,-1,-1,-1
2161,3,201.26,241.41,9.84,4.99,0.99,-1,-1,-1
2161,2,384.65,162.17,10.22,6.84,0.99,-1,-1,-1
2181,1,239.43,140.72,7.33,5.11,0.98,-1,-1,-1
2181,3,179.13,249.56,9.39,4.10,0.99,-1,-1,-1
2181,2,390.34,169.50,9.58,5.46,1.00,-1,-1,-1
2201,1,235.30,137.41,7.42,4.13,0.98,-1,-1,-1
2201,3,169.14,252.75,9.01,4.42,0.99,-1,-1,-1
2201,2,393.47,175.65,10.48,5.37,0.99,-1,-1,-1
2221,1,231.72,132.79,7.53,5.53,0.97,-1,-1,-1
2221,3,169.27,252.95,8.74,4.31,0.99,-1,-1,-1
2221,2,397.03,179.60,10.07,6.15,0.99,-1,-1,-1
2241,1,228.74,130.44,8.20,4.14,0.98,-1,-1,-1
2241,3,169.87,252.15,9.04,4.60,0.99,-1,-1,-1
2241,2,399.95,183.51,10.89,5.93,0.99,-1,-1,-1
2261,1,225.68,127.93,7.15,4.16,0.98,-1,-1,-1
2261,3,173.90,251.39,8.12,3.78,0.99,-1,-1,-1
2261,2,404.13,187.95,9.47,6.38,0.98,-1,-1,-1
2281,1,223.85,124.64,7.21,4.87,0.99,-1,-1,-1
2281,3,186.14,246.10,9.60,4.23,0.98,-1,-1,-1
2281,2,414.14,199.84,8.66,4.76,0.99,-1,-1,-1
2301,1,222.30,123.35,7.09,5.54,0.98,-1,-1,-1
2301,3,210.02,237.25,9.35,4.59,0.98,-1,-1,-1
2301,2,426.50,214.00,8.67,5.81,0.98,-1,-1,-1
2321,1,222.31,123.75,7.68,4.80,0.99,-1,-1,-1
2321,3,232.85,228.78,9.09,6.31,0.98,-1,-1,-1
2321,2,443.53,229.91,7.13,4.92,0.96,-1,-1,-1
2341,1,222.92,124.04,6.64,4.67,0.98,-1,-1,-1
2341,3,238.07,226.95,9.11,4.45,0.99,-1,-1,-1
2341,2,455.71,242.90,6.03,3.90,0.98,-1,-1,-1
2361,1,223.15,129.86,6.40,4.78,0.99,-1,-1,-1
2361,3,244.79,224.39,9.18,4.77,0.99,-1,-1,-1
2361,2,459.88,247.75,7.38,4.51,0.96,-1,-1,-1
2381,1,221.56,136.69,8.55,4.50,0.99,-1,-1,-1
2381,3,258.80,218.71,9.12,4.42,0.99,-1,-1,-1
2381,2,459.24,249.66,7.23,3.84,0.97,-1,-1,-1
2401,1,222.33,136.45,8.14,5.24,0.99,-1,-1,-1
2401,3,279.88,210.10,8.40,5.50,0.99,-1,-1,-1
2401,2,451.44,252.07,7.62,4.75,0.97,-1,-1,-1
2421,1,222.49,136.90,8.17,4.43,0.99,-1,-1,-1
2421,3,298.09,202.27,9.31,6.12,0.99,-1,-1,-1
2421,2,434.77,257.15,8.22,5.10,0.97,-1,-1,-1
2441,1,222.90,136.62,7.24,4.26,0.99,-1,-1,-1
2441,3,302.79,200.51,8.50,6.18,0.99,-1,-1,-1
2441,2,415.75,264.25,6.87,4.12,0.99,-1,-1,-1
2461,1,223.05,136.59,7.82,4.46,0.99,-1,-1,-1
2461,3,295.93,202.65,9.08,5.62,0.99,-1,-1,-1
2461,2,393.88,271.94,7.66,3.62,0.97,-1,-1,-1
2466,1,223.63,136.80,6.49,3.60,0.99,-1,-1,-1
2466,3,293.61,202.88,9.08,5.59,0.99,-1,-1,-1
2466,2,391.78,273.08,5.17,3.07,0.97,-1,-1,-1
