1,1,265.50,162.12,17.00,5.75,1.00,-1,-1,-1
1,2,428.75,151.88,47.00,12.25,1.00,-1,-1,-1
21,1,264.21,158.25,16.72,6.90,1.00,-1,-1,-1
21,2,437.33,134.71,55.32,22.71,1.00,-1,-1,-1
41,1,262.10,177.87,17.34,6.75,1.00,-1,-1,-1
41,2,339.31,118.62,63.22,23.36,1.00,-1,-1,-1
61,1,263.46,214.20,18.08,6.07,0.99,-1,-1,-1
61,2,248.68,91.54,67.93,31.31,1.00,-1,-1,-1
81,1,263.35,227.29,17.09,5.51,0.99,-1,-1,-1
81,2,242.10,152.37,63.95,20.98,1.00,-1,-1,-1
101,2,267.09,225.00,58.52,17.53,0.99,-1,-1,-1
101,1,263.03,195.93,16.82,9.17,0.99,-1,-1,-1
121,2,272.53,219.42,74.79,24.85,0.99,-1,-1,-1
121,1,313.02,197.33,16.28,6.87,0.97,-1,-1,-1
141,2,297.34,214.87,79.53,22.86,0.99,-1,-1,-1
141,1,377.93,227.08,15.53,4.86,0.93,-1,-1,-1
161,2,345.54,214.24,74.52,24.49,0.99,-1,-1,-1
181,2,269.76,202.25,82.67,28.47,0.99,-1,-1,-1
181,1,418.52,228.20,16.41,5.07,0.97,-1,-1,-1
201,1,449.19,226.58,19.21,5.26,0.98,-1,-1,-1
221,1,472.36,222.94,19.55,5.68,0.98,-1,-1,-1
241,1,492.76,218.92,19.88,7.79,0.99,-1,-1,-1
261,1,498.75,219.81,18.11,5.95,0.99,-1,-1,-1
281,1,488.09,219.82,19.54,5.87,0.98,-1,-1,-1
281,2,54.07,188.39,41.72,11.63,0.99,-1,-1,-1
301,1,465.54,220.54,20.19,6.44,0.97,-1,-1,-1
301,2,103.88,160.14,37.15,16.89,1.00,-1,-1,-1
321,1,434.01,220.92,22.47,5.77,0.95,-1,-1,-1
321,2,149.66,183.58,25.97,10.47,1.00,-1,-1,-1
341,1,394.33,221.31,21.20,5.65,0.97,-1,-1,-1
341,2,129.99,189.36,26.66,9.51,1.00,-1,-1,-1
361,1,358.27,220.97,19.11,5.99,0.97,-1,-1,-1
361,2,71.47,194.26,26.90,9.34,0.99,-1,-1,-1
381,1,338.76,218.10,18.57,5.46,0.99,-1,-1,-1
381,2,57.06,192.46,26.64,9.72,1.00,-1,-1,-1
401,1,326.28,207.62,23.97,5.55,0.99,-1,-1,-1
401,2,10.18,171.36,32.99,7.90,0.99,-1,-1,-1
421,1,321.18,187.97,28.96,6.42,0.99,-1,-1,-1
441,1,317.29,147.04,37.40,10.58,0.99,-1,-1,-1
441,5,30.45,168.76,39.06,15.84,1.00,-1,-1,-1
461,1,319.24,74.82,52.45,31.56,1.00,-1,-1,-1
461,5,136.64,224.63,15.37,4.77,0.99,-1,-1,-1
481,1,315.22,85.44,63.85,32.59,1.00,-1,-1,-1
481,5,187.39,241.32,15.12,4.92,0.99,-1,-1,-1
481,2,186.53,241.07,20.99,6.50,0.50,-1,-1,-1
501,1,331.45,158.80,59.16,17.62,0.99,-1,-1,-1
521,1,331.27,162.58,53.91,14.59,1.00,-1,-1,-1
521,5,294.83,243.87,11.31,4.25,0.98,-1,-1,-1
541,1,286.83,161.34,57.60,15.89,1.00,-1,-1,-1
541,5,391.27,242.52,12.10,4.06,0.39,-1,-1,-1
561,1,214.51,204.07,60.23,15.21,1.00,-1,-1,-1
581,1,157.19,232.52,66.04,16.47,0.99,-1,-1,-1
601,1,118.40,191.64,65.43,19.97,1.00,-1,-1,-1
621,1,120.66,154.62,63.94,22.70,1.00,-1,-1,-1
641,1,246.13,174.43,57.73,20.46,1.00,-1,-1,-1
661,1,375.89,220.68,63.66,14.65,0.99,-1,-1,-1
661,5,524.35,224.31,14.58,4.61,0.99,-1,-1,-1
681,1,466.73,211.67,69.53,18.30,1.00,-1,-1,-1
701,1,510.21,123.54,90.37,31.23,1.00,-1,-1,-1
701,5,361.20,228.57,11.81,4.17,0.94,-1,-1,-1
721,1,535.72,78.00,99.84,40.99,1.00,-1,-1,-1
721,5,361.03,226.76,13.01,4.96,0.97,-1,-1,-1
741,5,352.67,224.96,12.07,5.14,0.99,-1,-1,-1
761,5,302.44,231.55,11.69,4.16,0.98,-1,-1,-1
781,5,300.27,245.26,12.35,4.87,0.97,-1,-1,-1
801,5,307.46,232.79,11.54,4.39,0.98,-1,-1,-1
821,5,292.68,232.45,13.82,5.71,1.00,-1,-1,-1
821,1,587.00,135.50,54.71,16.99,0.97,-1,-1,-1
841,5,252.38,233.19,15.10,5.53,0.99,-1,-1,-1
841,1,548.99,145.49,62.67,17.08,1.00,-1,-1,-1
861,5,230.52,230.61,16.64,6.55,0.97,-1,-1,-1
861,1,522.70,154.42,55.05,15.57,1.00,-1,-1,-1
881,5,200.55,210.68,19.30,5.55,1.00,-1,-1,-1
881,1,498.44,164.21,51.69,12.86,1.00,-1,-1,-1
901,5,152.94,177.00,27.02,6.87,1.00,-1,-1,-1
901,1,476.62,171.23,49.05,13.66,1.00,-1,-1,-1
921,5,83.11,122.72,38.60,19.07,1.00,-1,-1,-1
921,1,452.26,179.87,44.41,13.09,1.00,-1,-1,-1
941,5,54.24,111.60,42.26,9.74,1.00,-1,-1,-1
941,1,426.24,193.03,42.59,11.41,0.99,-1,-1,-1
961,5,43.29,87.97,45.72,17.94,1.00,-1,-1,-1
961,1,415.23,199.84,36.70,9.75,0.99,-1,-1,-1
981,5,174.28,88.92,42.92,19.04,1.00,-1,-1,-1
981,1,402.64,189.49,34.89,8.92,1.00,-1,-1,-1
1001,5,256.88,91.95,40.13,15.07,1.00,-1,-1,-1
1001,1,384.84,178.20,39.53,10.37,0.99,-1,-1,-1
1021,5,291.59,107.75,37.00,12.68,1.00,-1,-1,-1
1021,1,367.08,179.55,32.50,12.40,1.00,-1,-1,-1
1041,5,288.06,151.03,36.97,9.74,1.00,-1,-1,-1
1041,1,330.95,188.34,31.08,10.95,1.00,-1,-1,-1
1061,5,281.84,170.13,37.34,9.19,0.99,-1,-1,-1
1061,1,291.67,200.09,30.92,7.21,1.00,-1,-1,-1
1061,2,296.74,199.63,22.50,9.50,0.57,-1,-1,-1
1081,5,282.15,156.30,41.40,10.17,1.00,-1,-1,-1
1081,1,271.48,206.43,27.52,10.62,1.00,-1,-1,-1
1101,5,289.97,213.48,37.77,13.82,1.00,-1,-1,-1
1101,1,257.12,226.00,23.82,7.42,1.00,-1,-1,-1
1121,5,291.15,254.55,43.22,9.94,0.99,-1,-1,-1
1121,1,248.13,238.69,25.93,7.46,0.97,-1,-1,-1
1141,5,298.84,235.71,52.76,18.45,1.00,-1,-1,-1
1141,1,226.27,250.70,13.43,4.38,0.96,-1,-1,-1
1161,5,299.36,235.76,55.33,14.34,0.99,-1,-1,-1
1161,1,206.58,255.06,20.52,5.17,0.98,-1,-1,-1
1181,5,333.68,242.53,41.29,11.32,0.98,-1,-1,-1
1181,1,177.53,254.34,15.55,4.86,0.96,-1,-1,-1
1201,5,370.68,245.41,53.19,13.65,0.99,-1,-1,-1
1201,1,157.70,237.96,16.08,5.27,0.97,-1,-1,-1
1221,5,409.53,233.85,65.48,19.17,0.99,-1,-1,-1
1221,1,182.89,241.19,16.01,4.34,0.98,-1,-1,-1
1241,5,436.32,180.56,61.56,15.88,1.00,-1,-1,-1
1241,1,218.37,212.67,15.38,4.69,0.99,-1,-1,-1
1261,5,483.03,159.54,83.28,23.52,1.00,-1,-1,-1
1261,1,238.06,198.76,14.31,5.52,0.99,-1,-1,-1
1281,5,524.44,138.48,91.69,36.84,0.99,-1,-1,-1
1281,1,250.61,175.02,14.59,5.91,1.00,-1,-1,-1
1301,5,385.35,112.54,103.26,37.73,1.00,-1,-1,-1
1301,1,272.32,136.85,14.21,6.51,1.00,-1,-1,-1
1321,5,359.21,95.90,112.89,33.55,0.99,-1,-1,-1
1321,1,313.25,137.46,15.71,6.27,1.00,-1,-1,-1
1341,5,372.61,59.74,131.59,48.02,0.98,-1,-1,-1
1341,1,351.37,138.20,14.59,6.01,1.00,-1,-1,-1
1361,5,269.83,35.50,156.31,57.94,0.98,-1,-1,-1
1361,1,362.35,138.41,15.44,5.71,1.00,-1,-1,-1
1361,2,361.18,137.16,19.00,8.50,0.34,-1,-1,-1
1381,5,256.30,52.39,134.49,47.98,0.99,-1,-1,-1
1381,1,362.14,138.56,13.92,5.65,1.00,-1,-1,-1
1381,2,359.30,137.23,19.87,9.62,0.43,-1,-1,-1
1401,5,155.88,64.58,130.93,49.76,0.99,-1,-1,-1
1401,1,362.01,143.78,15.49,5.64,1.00,-1,-1,-1
1421,5,123.18,82.87,115.15,42.57,0.99,-1,-1,-1
1421,1,364.59,143.70,15.10,5.59,1.00,-1,-1,-1
1441,5,-2.19,91.64,30.49,21.92,0.87,-1,-1,-1
1441,1,369.78,138.76,14.95,5.31,1.00,-1,-1,-1
1461,1,377.24,129.73,17.55,10.05,1.00,-1,-1,-1
1481,1,379.85,139.94,17.28,6.37,0.99,-1,-1,-1
1501,1,382.28,146.57,15.48,6.39,1.00,-1,-1,-1
1501,2,2.37,249.83,11.17,4.48,0.74,-1,-1,-1
1521,1,381.42,148.87,16.49,5.87,0.99,-1,-1,-1
1521,5,-0.67,240.49,22.37,8.50,0.47,-1,-1,-1
1521,2,-2.20,239.32,22.31,6.98,0.87,-1,-1,-1
1541,1,386.93,144.00,18.07,5.37,1.00,-1,-1,-1
1541,5,113.50,257.10,23.50,8.56,0.99,-1,-1,-1
1561,1,395.47,148.16,16.92,8.14,1.00,-1,-1,-1
1561,5,153.19,188.23,24.79,8.94,1.00,-1,-1,-1
1581,1,397.65,174.97,18.78,6.68,1.00,-1,-1,-1
1581,5,132.69,178.79,27.35,6.40,0.99,-1,-1,-1
1601,1,396.74,184.96,18.25,5.48,1.00,-1,-1,-1
1601,5,120.02,190.18,26.28,7.90,1.00,-1,-1,-1
1621,1,388.73,183.03,18.73,6.46,0.99,-1,-1,-1
1621,5,132.32,189.36,23.45,5.85,0.99,-1,-1,-1
1641,1,374.87,181.74,18.38,6.26,0.98,-1,-1,-1
1641,5,136.36,156.04,22.27,6.77,0.99,-1,-1,-1
1661,1,375.21,182.71,17.46,6.12,1.00,-1,-1,-1
1661,5,151.28,162.90,25.33,9.65,0.99,-1,-1,-1
1681,1,412.59,183.73,17.29,5.38,0.99,-1,-1,-1
1681,5,156.18,184.61,20.27,5.63,1.00,-1,-1,-1
1701,1,438.08,202.75,18.53,5.86,0.98,-1,-1,-1
1701,5,165.78,193.01,18.18,5.45,1.00,-1,-1,-1
1721,1,434.56,204.21,17.97,6.46,0.98,-1,-1,-1
1721,5,170.61,194.38,16.19,5.07,1.00,-1,-1,-1
1741,1,405.51,204.06,16.44,4.93,0.97,-1,-1,-1
1741,5,176.39,196.12,15.69,6.01,0.99,-1,-1,-1
1761,1,377.71,210.20,17.68,5.84,0.99,-1,-1,-1
1761,5,170.82,180.50,19.05,8.63,1.00,-1,-1,-1
1781,1,373.48,225.01,19.80,5.62,0.99,-1,-1,-1
1781,5,164.85,178.02,21.45,6.96,1.00,-1,-1,-1
1801,1,369.46,243.81,18.77,5.54,0.83,-1,-1,-1
1801,5,164.35,163.87,21.11,9.46,0.99,-1,-1,-1
1821,5,249.71,162.46,20.05,7.94,0.99,-1,-1,-1
1841,5,382.66,161.16,20.74,8.73,1.00,-1,-1,-1
1841,1,349.07,253.74,16.01,4.98,0.91,-1,-1,-1
1861,5,442.32,162.80,20.77,6.36,1.00,-1,-1,-1
1861,1,303.62,254.62,14.32,4.50,0.70,-1,-1,-1
1881,5,455.94,162.99,19.61,6.86,0.99,-1,-1,-1
1901,5,495.42,164.62,21.79,7.14,0.99,-1,-1,-1
1921,5,538.30,165.41,22.23,10.18,1.00,-1,-1,-1
1941,5,535.60,183.94,19.90,6.69,1.00,-1,-1,-1
1941,1,218.41,261.46,12.27,4.54,0.85,-1,-1,-1
1961,5,520.77,196.10,16.42,6.58,0.98,-1,-1,-1
1961,1,219.98,254.43,18.53,5.88,0.96,-1,-1,-1
1981,5,507.60,205.22,14.09,4.54,0.98,-1,-1,-1
1981,1,217.61,241.69,28.47,8.75,0.99,-1,-1,-1
2001,5,500.88,209.39,12.31,5.63,1.00,-1,-1,-1
2001,1,214.36,219.51,34.11,13.72,1.00,-1,-1,-1
2021,5,484.22,214.80,14.92,4.24,0.98,-1,-1,-1
2021,1,217.52,199.57,33.15,12.27,1.00,-1,-1,-1
2041,1,223.89,200.48,33.17,10.43,1.00,-1,-1,-1
2046,1,228.62,200.94,29.61,10.21,1.00,-1,-1,-1
2046,5,455.77,218.59,10.95,4.00,0.98,-1,-1,-1
