1,1,205.75,156.75,12.50,6.25,0.99,-1,-1,-1
1,2,381.25,141.00,11.50,4.50,0.99,-1,-1,-1
1,3,518.50,204.00,19.00,6.25,0.97,-1,-1,-1
21,1,205.27,172.36,9.84,3.43,0.99,-1,-1,-1
21,2,369.88,140.80,10.81,5.06,0.99,-1,-1,-1
21,3,517.08,180.77,26.90,8.18,0.99,-1,-1,-1
41,1,203.50,180.82,9.87,3.95,0.99,-1,-1,-1
41,2,344.91,141.44,11.74,4.82,0.99,-1,-1,-1
41,3,396.40,155.62,38.25,20.19,1.00,-1,-1,-1
61,1,204.84,181.73,8.14,3.27,0.97,-1,-1,-1
61,2,310.14,142.73,10.66,4.34,0.99,-1,-1,-1
61,3,298.43,171.90,38.35,13.48,1.00,-1,-1,-1
81,3,293.15,143.18,52.55,20.51,1.00,-1,-1,-1
81,1,205.19,208.61,8.93,4.35,0.47,-1,-1,-1
101,3,307.77,134.78,45.46,11.80,1.00,-1,-1,-1
101,1,204.15,209.73,10.17,4.60,0.90,-1,-1,-1
101,6,304.50,141.00,14.00,7.00,0.71,-1,-1,-1
121,3,353.80,57.74,73.54,37.53,0.99,-1,-1,-1
121,2,346.87,142.16,11.21,4.46,0.99,-1,-1,-1
121,1,202.74,198.83,10.25,4.55,0.96,-1,-1,-1
141,3,368.77,47.04,100.83,42.51,0.99,-1,-1,-1
141,2,380.49,141.51,12.59,4.74,0.99,-1,-1,-1
141,1,203.07,228.89,8.99,4.05,0.94,-1,-1,-1
161,3,357.10,146.82,88.18,27.34,0.97,-1,-1,-1
161,1,204.17,240.04,8.28,3.81,0.95,-1,-1,-1
161,2,386.11,138.80,11.99,4.25,0.30,-1,-1,-1
181,3,401.92,156.22,85.32,33.97,1.00,-1,-1,-1
181,2,388.40,125.99,13.50,7.88,1.00,-1,-1,-1
181,1,204.33,203.10,9.95,4.72,0.97,-1,-1,-1
201,3,489.87,161.65,94.80,27.03,0.63,-1,-1,-1
201,2,388.30,124.04,13.27,9.52,1.00,-1,-1,-1
201,1,205.48,151.56,8.91,3.53,0.98,-1,-1,-1
201,12,480.00,165.38,93.00,25.00,0.96,-1,-1,-1
201,4,481.72,170.08,72.80,19.45,0.69,-1,-1,-1
221,3,399.43,168.31,82.69,29.06,0.99,-1,-1,-1
221,2,385.85,140.10,12.87,6.41,1.00,-1,-1,-1
221,1,205.99,110.11,8.64,3.98,0.98,-1,-1,-1
241,3,348.68,215.91,80.26,20.13,0.96,-1,-1,-1
241,2,384.85,159.84,10.06,4.00,0.99,-1,-1,-1
241,1,205.79,80.82,10.11,4.10,0.99,-1,-1,-1
261,3,384.89,191.68,100.78,34.60,0.99,-1,-1,-1
261,2,383.40,168.19,10.32,4.35,0.99,-1,-1,-1
261,1,207.53,72.14,8.16,3.88,0.99,-1,-1,-1
281,3,412.82,177.13,122.73,38.67,0.98,-1,-1,-1
281,2,384.52,167.31,9.84,3.82,0.98,-1,-1,-1
281,1,230.79,74.61,8.23,4.39,0.99,-1,-1,-1
301,3,399.11,196.86,109.02,31.75,0.98,-1,-1,-1
301,2,386.96,159.02,10.76,3.93,0.99,-1,-1,-1
301,1,273.98,77.37,8.45,4.05,0.98,-1,-1,-1
321,3,334.87,225.46,130.99,34.55,0.94,-1,-1,-1
321,2,388.02,143.61,12.09,7.73,1.00,-1,-1,-1
321,1,280.92,78.02,9.09,4.11,0.98,-1,-1,-1
341,3,231.82,224.05,101.29,29.27,0.96,-1,-1,-1
341,2,388.46,140.72,11.73,3.70,0.99,-1,-1,-1
341,1,252.90,75.86,10.68,3.92,0.99,-1,-1,-1
361,3,196.62,211.32,107.75,44.59,0.99,-1,-1,-1
361,2,389.53,126.60,12.64,5.29,1.00,-1,-1,-1
361,1,220.38,73.26,9.82,4.45,0.99,-1,-1,-1
381,3,243.99,145.06,161.07,63.20,0.93,-1,-1,-1
381,2,390.01,112.26,24.74,11.81,0.78,-1,-1,-1
381,1,217.37,70.66,8.68,4.18,0.98,-1,-1,-1
381,4,344.60,121.95,71.11,30.41,0.60,-1,-1,-1
401,3,141.95,194.89,154.19,59.99,0.98,-1,-1,-1
401,1,217.15,74.17,8.76,4.10,0.99,-1,-1,-1
401,2,389.60,120.60,13.79,8.84,1.00,-1,-1,-1
401,4,155.54,193.28,140.52,49.59,0.64,-1,-1,-1
421,3,146.50,253.48,47.14,16.89,1.00,-1,-1,-1
421,1,216.54,119.21,8.41,3.74,0.97,-1,-1,-1
421,2,386.73,140.06,12.13,6.93,0.99,-1,-1,-1
441,3,149.47,274.84,27.98,10.09,0.97,-1,-1,-1
441,1,214.22,181.14,7.79,3.86,0.97,-1,-1,-1
441,2,384.36,159.10,11.24,4.79,0.99,-1,-1,-1
461,3,155.24,213.62,14.82,5.35,0.97,-1,-1,-1
461,1,212.72,198.39,8.69,2.97,0.95,-1,-1,-1
461,2,383.70,165.13,9.87,3.77,0.98,-1,-1,-1
481,3,158.06,184.21,13.04,4.98,1.00,-1,-1,-1
481,1,214.53,197.18,8.33,3.09,0.97,-1,-1,-1
481,2,384.31,164.06,9.37,4.02,0.99,-1,-1,-1
501,3,160.76,138.91,10.05,3.82,0.99,-1,-1,-1
501,1,213.83,197.09,9.59,3.07,0.97,-1,-1,-1
501,2,384.94,157.75,10.51,4.48,0.99,-1,-1,-1
521,3,164.64,91.51,9.53,3.68,0.99,-1,-1,-1
521,1,214.64,197.45,8.62,2.83,0.96,-1,-1,-1
521,2,384.86,153.32,10.16,5.09,0.99,-1,-1,-1
541,3,167.55,88.50,10.09,4.93,0.99,-1,-1,-1
541,1,214.70,197.29,8.23,3.16,0.97,-1,-1,-1
541,2,385.03,155.44,10.60,4.47,0.99,-1,-1,-1
561,3,197.22,92.12,10.94,5.56,0.99,-1,-1,-1
561,1,214.14,196.88,7.52,3.19,0.96,-1,-1,-1
561,2,385.00,157.09,10.31,4.23,0.99,-1,-1,-1
581,3,255.13,97.33,8.30,4.06,0.99,-1,-1,-1
581,1,232.54,196.79,7.79,3.77,0.97,-1,-1,-1
581,2,385.78,149.88,10.95,4.55,0.99,-1,-1,-1
601,3,277.16,97.76,10.03,4.33,0.99,-1,-1,-1
601,1,248.22,198.00,6.90,3.40,0.94,-1,-1,-1
601,2,386.85,132.68,13.11,9.01,1.00,-1,-1,-1
621,3,283.00,97.53,10.20,3.69,0.99,-1,-1,-1
621,1,229.30,197.64,7.66,3.76,0.93,-1,-1,-1
621,2,389.99,154.61,13.77,6.37,1.00,-1,-1,-1
641,3,283.41,96.49,10.17,4.09,0.99,-1,-1,-1
641,1,213.67,197.24,7.48,3.43,0.93,-1,-1,-1
641,2,380.06,158.10,12.20,5.35,0.99,-1,-1,-1
661,3,281.34,116.27,9.47,4.03,0.98,-1,-1,-1
661,1,201.89,196.05,10.17,4.80,0.96,-1,-1,-1
661,2,351.04,158.99,11.76,4.58,0.99,-1,-1,-1
681,3,280.30,145.36,9.21,3.74,0.99,-1,-1,-1
681,1,220.89,196.11,7.98,3.04,0.98,-1,-1,-1
681,2,311.13,159.54,11.47,4.80,1.00,-1,-1,-1
701,3,279.84,116.26,8.99,4.08,0.99,-1,-1,-1
701,1,228.23,200.88,11.80,5.16,0.95,-1,-1,-1
701,2,291.09,159.61,12.84,5.14,1.00,-1,-1,-1
721,3,280.88,83.12,9.30,4.33,0.99,-1,-1,-1
721,2,305.63,158.89,11.89,5.72,1.00,-1,-1,-1
721,1,229.89,220.72,10.79,4.27,0.95,-1,-1,-1
741,3,282.63,81.95,10.07,4.46,0.99,-1,-1,-1
741,2,346.14,157.41,11.68,5.23,0.99,-1,-1,-1
741,1,231.52,209.94,10.29,4.51,0.98,-1,-1,-1
761,3,312.53,86.03,10.08,4.61,0.97,-1,-1,-1
761,2,387.73,151.85,12.97,5.83,1.00,-1,-1,-1
761,1,230.53,231.63,8.75,3.57,0.95,-1,-1,-1
781,3,343.30,90.42,9.36,4.15,0.99,-1,-1,-1
781,2,391.71,113.97,11.65,5.74,1.00,-1,-1,-1
781,1,231.54,234.60,9.79,4.00,0.99,-1,-1,-1
801,3,345.08,99.82,10.07,4.13,0.98,-1,-1,-1
801,2,391.98,138.83,12.10,5.10,0.99,-1,-1,-1
801,1,255.91,232.82,11.34,5.14,0.99,-1,-1,-1
821,3,338.27,106.09,5.62,3.44,0.97,-1,-1,-1
821,2,391.10,163.32,13.14,4.18,0.99,-1,-1,-1
821,1,277.45,234.53,8.61,4.53,0.97,-1,-1,-1
841,3,305.76,110.02,9.25,5.04,0.98,-1,-1,-1
841,2,390.26,162.18,12.70,5.79,1.00,-1,-1,-1
841,1,278.52,234.87,9.50,4.02,0.98,-1,-1,-1
861,3,292.40,161.57,9.54,3.98,0.99,-1,-1,-1
861,2,388.20,167.41,13.25,3.99,0.99,-1,-1,-1
861,1,276.27,234.31,9.88,4.53,0.97,-1,-1,-1
881,3,293.79,181.00,8.39,3.01,0.98,-1,-1,-1
881,2,386.95,169.51,12.79,4.42,1.00,-1,-1,-1
881,1,275.63,231.26,11.47,5.30,0.95,-1,-1,-1
901,3,295.96,162.79,8.34,3.09,0.99,-1,-1,-1
901,2,387.27,165.83,12.99,4.43,0.99,-1,-1,-1
901,1,276.74,240.74,8.39,4.20,0.96,-1,-1,-1
921,3,296.59,154.86,9.92,3.93,0.99,-1,-1,-1
921,2,388.76,155.89,13.71,4.44,0.99,-1,-1,-1
921,1,276.92,238.31,9.37,4.54,0.93,-1,-1,-1
941,3,297.69,153.22,10.43,5.48,1.00,-1,-1,-1
941,2,390.86,172.72,14.56,4.75,0.99,-1,-1,-1
941,1,275.16,236.08,10.34,4.01,0.95,-1,-1,-1
961,3,282.88,161.31,9.25,4.16,0.99,-1,-1,-1
961,2,394.05,182.52,17.36,5.23,0.99,-1,-1,-1
961,1,271.32,245.17,12.20,4.84,0.98,-1,-1,-1
981,3,280.00,161.79,8.27,4.00,0.99,-1,-1,-1
981,2,396.82,158.47,21.49,14.07,1.00,-1,-1,-1
981,1,270.72,240.61,11.38,5.01,0.99,-1,-1,-1
1001,3,282.88,158.04,8.15,3.81,0.98,-1,-1,-1
1001,2,398.79,156.10,21.48,8.64,1.00,-1,-1,-1
1001,1,271.74,234.87,14.59,5.27,0.98,-1,-1,-1
1021,3,280.64,158.06,9.81,3.84,0.98,-1,-1,-1
1021,2,399.50,157.77,21.22,6.92,1.00,-1,-1,-1
1021,1,277.74,231.34,18.70,6.18,0.99,-1,-1,-1
1041,3,280.78,176.97,7.74,3.25,0.98,-1,-1,-1
1041,2,399.92,158.21,20.62,9.25,1.00,-1,-1,-1
1041,1,279.76,205.48,30.40,13.29,1.00,-1,-1,-1
1061,2,396.78,166.57,21.92,8.13,1.00,-1,-1,-1
1061,1,271.66,187.88,39.49,12.95,1.00,-1,-1,-1
1081,2,393.75,177.89,19.09,5.66,1.00,-1,-1,-1
1081,1,271.12,148.31,49.24,24.11,1.00,-1,-1,-1
1081,3,281.01,208.08,8.87,3.16,0.95,-1,-1,-1
1101,2,393.58,179.18,19.80,5.75,1.00,-1,-1,-1
1101,1,259.72,200.05,47.54,11.26,1.00,-1,-1,-1
1101,21,268.80,207.36,31.85,10.93,0.74,-1,-1,-1
1121,2,396.99,168.58,18.93,9.50,1.00,-1,-1,-1
1121,1,259.11,222.13,43.54,17.05,0.99,-1,-1,-1
1141,2,398.75,167.44,21.85,7.23,1.00,-1,-1,-1
1141,1,260.04,218.11,50.58,14.13,0.97,-1,-1,-1
1141,3,280.84,194.03,8.58,3.32,0.99,-1,-1,-1
1161,2,400.04,168.35,20.08,6.31,1.00,-1,-1,-1
1161,1,262.11,204.54,59.98,13.22,0.99,-1,-1,-1
1161,3,279.17,193.69,12.80,4.03,0.88,-1,-1,-1
1161,21,281.33,193.25,9.12,3.14,0.94,-1,-1,-1
1181,2,399.68,168.88,22.35,5.91,1.00,-1,-1,-1
1181,1,268.59,182.13,92.56,26.19,1.00,-1,-1,-1
1201,2,400.06,168.17,21.88,6.45,1.00,-1,-1,-1
1201,1,277.90,102.94,95.80,32.78,1.00,-1,-1,-1
1201,3,280.31,193.83,8.89,3.62,0.99,-1,-1,-1
1221,2,399.20,167.89,19.57,6.19,1.00,-1,-1,-1
1221,3,281.01,193.61,8.33,3.96,0.99,-1,-1,-1
1241,2,398.30,167.42,20.41,6.68,1.00,-1,-1,-1
1241,3,280.60,217.42,10.10,5.85,0.98,-1,-1,-1
1261,2,397.20,167.88,20.36,6.25,1.00,-1,-1,-1
1261,3,287.74,217.71,10.90,4.52,0.98,-1,-1,-1
1281,2,394.90,167.87,18.63,6.25,1.00,-1,-1,-1
1281,3,287.91,216.51,11.33,5.08,0.98,-1,-1,-1
1301,2,395.25,168.08,19.70,6.02,1.00,-1,-1,-1
1301,3,294.03,212.71,12.71,5.90,0.96,-1,-1,-1
1321,2,397.10,163.93,20.50,6.77,1.00,-1,-1,-1
1321,3,309.85,206.36,13.06,5.98,0.97,-1,-1,-1
1341,2,397.79,158.84,22.54,7.53,1.00,-1,-1,-1
1341,3,289.71,204.91,12.14,4.51,0.97,-1,-1,-1
1361,2,398.83,155.80,22.84,9.22,1.00,-1,-1,-1
1361,3,261.82,202.00,11.94,5.07,1.00,-1,-1,-1
1361,21,85.16,1.46,21.16,4.86,1.00,-1,-1,-1
1381,2,396.33,161.07,21.77,11.36,1.00,-1,-1,-1
1381,3,263.64,193.54,13.85,6.19,1.00,-1,-1,-1
1381,21,111.28,18.08,18.80,6.45,1.00,-1,-1,-1
1401,2,391.23,179.01,19.41,8.85,0.99,-1,-1,-1
1401,3,268.19,191.18,12.79,4.59,0.99,-1,-1,-1
1401,21,123.85,16.68,20.67,7.65,1.00,-1,-1,-1
1421,2,385.63,198.17,15.48,6.77,1.00,-1,-1,-1
1421,3,264.40,186.44,16.31,5.18,1.00,-1,-1,-1
1421,21,152.71,12.92,21.66,8.05,1.00,-1,-1,-1
1441,2,380.99,214.46,12.39,5.25,0.99,-1,-1,-1
1441,3,239.72,184.48,14.87,4.95,0.99,-1,-1,-1
1441,21,181.19,29.07,20.28,11.59,1.00,-1,-1,-1
1461,2,379.12,222.05,10.37,4.79,0.98,-1,-1,-1
1461,3,238.25,181.56,14.97,5.61,0.99,-1,-1,-1
1461,21,205.18,75.81,17.34,7.99,0.99,-1,-1,-1
1481,2,377.92,223.85,10.58,3.59,0.98,-1,-1,-1
1481,3,238.00,180.96,16.19,5.63,0.99,-1,-1,-1
1481,21,223.68,121.30,11.24,4.87,1.00,-1,-1,-1
1501,2,377.69,223.06,10.48,3.59,0.97,-1,-1,-1
1501,3,245.88,178.45,14.95,4.45,1.00,-1,-1,-1
1501,21,235.43,151.55,9.92,4.09,0.99,-1,-1,-1
1521,2,377.87,223.25,9.87,2.99,0.96,-1,-1,-1
1521,3,245.81,144.93,15.04,4.68,0.99,-1,-1,-1
1521,21,244.59,172.74,7.82,3.58,0.99,-1,-1,-1
1541,2,378.05,222.98,9.70,3.36,0.97,-1,-1,-1
1541,3,248.67,77.18,14.20,5.35,0.99,-1,-1,-1
1541,21,250.51,188.71,6.99,2.83,0.98,-1,-1,-1
1561,2,378.61,220.19,11.32,3.98,0.99,-1,-1,-1
1561,3,247.80,88.93,14.15,5.56,1.00,-1,-1,-1
1561,21,253.58,196.29,5.91,3.22,0.96,-1,-1,-1
1581,2,379.68,216.69,11.50,3.18,0.99,-1,-1,-1
1581,3,248.04,152.58,14.25,4.80,0.99,-1,-1,-1
1581,21,261.16,198.94,4.40,2.75,0.89,-1,-1,-1
1601,2,380.70,212.11,11.89,3.33,0.99,-1,-1,-1
1601,3,248.17,171.04,15.23,4.71,1.00,-1,-1,-1
1601,21,287.66,200.07,4.37,2.52,0.88,-1,-1,-1
1621,2,382.93,206.11,12.64,5.50,0.99,-1,-1,-1
1621,3,245.01,201.95,14.06,5.05,0.99,-1,-1,-1
1621,21,324.99,200.98,7.71,4.41,0.79,-1,-1,-1
1641,2,383.54,205.00,12.53,3.75,0.99,-1,-1,-1
1641,3,244.50,174.46,14.78,4.58,0.99,-1,-1,-1
1641,21,345.32,201.77,4.05,2.88,0.93,-1,-1,-1
1661,2,384.25,200.84,13.70,4.28,0.99,-1,-1,-1
1661,3,247.19,128.27,14.29,5.36,1.00,-1,-1,-1
1661,21,337.41,202.29,3.84,2.64,0.91,-1,-1,-1
1681,2,385.77,193.07,16.20,4.99,1.00,-1,-1,-1
1681,3,245.33,157.82,16.13,5.13,0.99,-1,-1,-1
1681,21,307.73,201.82,6.88,3.82,0.83,-1,-1,-1
1701,2,388.47,190.13,17.90,8.91,1.00,-1,-1,-1
1701,3,244.99,162.70,16.31,4.98,0.99,-1,-1,-1
1701,21,260.05,202.98,3.69,2.34,0.90,-1,-1,-1
1721,2,389.62,209.32,17.02,4.46,0.99,-1,-1,-1
1721,3,245.49,161.61,16.34,5.02,1.00,-1,-1,-1
1721,21,219.30,201.85,6.23,3.62,0.87,-1,-1,-1
1741,2,388.92,207.30,16.77,4.96,0.99,-1,-1,-1
1741,3,268.18,162.62,13.69,5.22,1.00,-1,-1,-1
1741,21,209.14,202.08,6.72,4.00,0.66,-1,-1,-1
1761,2,390.60,211.65,19.96,7.10,0.99,-1,-1,-1
1761,3,292.45,165.18,15.60,4.85,0.99,-1,-1,-1
1761,21,219.58,202.65,6.54,3.82,0.76,-1,-1,-1
1781,2,391.09,231.65,19.17,4.68,0.98,-1,-1,-1
1781,3,300.15,165.38,15.12,6.91,0.99,-1,-1,-1
1781,21,248.12,202.66,8.16,4.84,0.82,-1,-1,-1
1801,2,391.60,229.74,19.22,5.10,0.98,-1,-1,-1
1801,3,345.54,170.82,15.43,4.67,1.00,-1,-1,-1
1801,21,294.64,204.77,5.46,3.75,0.88,-1,-1,-1
1821,2,394.33,225.80,22.60,5.59,1.00,-1,-1,-1
1821,3,375.95,186.11,15.41,4.96,1.00,-1,-1,-1
1821,21,334.23,204.69,6.72,3.67,0.94,-1,-1,-1
1821,30,332.95,204.50,8.99,4.75,0.77,-1,-1,-1
1841,2,396.19,241.39,21.52,5.64,0.99,-1,-1,-1
1841,3,353.72,184.45,15.91,4.96,1.00,-1,-1,-1
1841,21,347.04,204.56,4.04,2.40,0.93,-1,-1,-1
1861,2,395.74,240.08,23.70,5.57,0.99,-1,-1,-1
1861,3,325.14,181.75,14.04,4.88,0.99,-1,-1,-1
1881,2,397.18,236.34,28.24,6.08,0.96,-1,-1,-1
1881,3,321.96,181.91,15.32,5.02,0.99,-1,-1,-1
1901,2,404.81,228.83,26.03,6.28,0.99,-1,-1,-1
1901,3,336.69,176.45,15.01,5.31,1.00,-1,-1,-1
1901,21,294.97,203.70,5.14,3.70,0.91,-1,-1,-1
1921,2,413.92,215.09,35.66,7.36,0.99,-1,-1,-1
1921,3,356.33,167.93,16.66,5.48,0.99,-1,-1,-1
1921,21,291.90,207.00,5.70,3.90,0.84,-1,-1,-1
1941,2,428.72,183.41,50.46,26.33,1.00,-1,-1,-1
1941,3,357.21,180.78,16.40,5.38,0.99,-1,-1,-1
1941,21,288.02,231.43,10.35,5.01,0.96,-1,-1,-1
1961,2,436.62,183.44,54.23,15.80,0.99,-1,-1,-1
1961,3,354.80,205.07,17.86,4.69,0.99,-1,-1,-1
1961,21,286.00,235.13,8.98,4.57,0.97,-1,-1,-1
1981,2,435.62,186.94,53.89,11.93,0.99,-1,-1,-1
1981,3,356.98,204.89,15.67,4.47,0.98,-1,-1,-1
1981,21,258.18,234.22,11.68,5.34,0.96,-1,-1,-1
2001,2,436.24,187.76,47.46,11.44,1.00,-1,-1,-1
2001,3,357.61,205.00,16.97,4.50,0.99,-1,-1,-1
2001,21,245.11,234.88,7.76,4.13,0.96,-1,-1,-1
2021,2,435.09,186.97,48.98,12.49,1.00,-1,-1,-1
2021,3,356.96,205.11,17.03,4.50,0.99,-1,-1,-1
2021,21,252.52,234.19,9.02,4.96,0.98,-1,-1,-1
2041,2,432.33,186.44,55.13,12.60,0.99,-1,-1,-1
2041,3,357.92,205.14,16.43,4.73,0.99,-1,-1,-1
2041,21,277.44,234.74,9.42,5.23,0.97,-1,-1,-1
2061,2,433.04,186.03,51.25,13.11,0.99,-1,-1,-1
2061,3,357.04,223.87,15.76,4.50,0.99,-1,-1,-1
2061,21,319.55,236.07,7.05,3.43,0.94,-1,-1,-1
2081,2,402.47,186.10,52.14,13.37,0.99,-1,-1,-1
2081,3,333.66,224.77,20.53,6.83,0.99,-1,-1,-1
2101,2,351.05,186.52,52.22,13.17,0.99,-1,-1,-1
2101,3,325.66,224.74,17.49,5.25,0.99,-1,-1,-1
2101,21,362.33,235.13,5.81,3.34,0.82,-1,-1,-1
2121,2,331.33,187.67,45.78,12.44,1.00,-1,-1,-1
2121,3,326.10,225.46,17.05,5.27,0.99,-1,-1,-1
2141,2,332.54,188.27,50.47,12.11,1.00,-1,-1,-1
2141,3,325.41,225.89,21.96,6.35,0.99,-1,-1,-1
2141,21,318.81,233.66,9.95,4.70,0.37,-1,-1,-1
2148,2,335.73,188.37,45.65,12.26,1.00,-1,-1,-1
2148,3,326.82,225.74,20.49,5.73,0.99,-1,-1,-1
2148,35,312.63,234.25,9.01,3.98,0.92,-1,-1,-1
