1,1,442.00,194.00,26.50,8.50,0.99,-1,-1,-1
1,2,262.00,248.50,8.00,3.25,0.77,-1,-1,-1
21,1,443.24,194.12,21.95,8.25,0.99,-1,-1,-1
21,2,262.18,248.62,8.04,3.27,0.83,-1,-1,-1
41,1,441.77,187.29,22.13,10.43,0.98,-1,-1,-1
61,1,443.27,157.33,21.33,6.61,1.00,-1,-1,-1
61,3,261.13,219.09,11.55,3.24,0.99,-1,-1,-1
81,1,426.57,154.56,21.95,9.98,1.00,-1,-1,-1
81,3,259.57,220.17,11.95,3.66,0.98,-1,-1,-1
101,1,380.99,185.48,22.91,7.85,1.00,-1,-1,-1
121,1,377.84,229.82,17.94,4.88,0.98,-1,-1,-1
121,2,248.91,256.79,7.39,3.00,0.96,-1,-1,-1
141,2,239.63,269.16,6.12,3.51,0.94,-1,-1,-1
161,2,207.45,267.49,5.72,3.51,0.96,-1,-1,-1
181,2,201.60,236.15,7.07,3.48,0.89,-1,-1,-1
181,1,201.45,236.36,7.75,3.86,0.33,-1,-1,-1
201,2,208.13,225.41,9.06,3.76,0.89,-1,-1,-1
201,1,432.86,204.87,20.15,6.11,0.98,-1,-1,-1
221,1,426.46,186.76,22.97,10.24,0.99,-1,-1,-1
241,1,399.61,196.44,20.88,5.53,0.99,-1,-1,-1
241,3,269.75,229.77,9.51,3.49,0.93,-1,-1,-1
261,1,376.15,234.49,20.20,6.30,0.64,-1,-1,-1
261,3,277.17,227.77,8.80,3.22,0.97,-1,-1,-1
281,3,282.25,227.66,8.57,3.08,0.90,-1,-1,-1
321,3,286.43,263.54,5.14,3.00,0.82,-1,-1,-1
361,1,404.43,215.85,20.10,5.81,0.99,-1,-1,-1
361,2,327.57,264.42,7.09,3.56,0.78,-1,-1,-1
381,1,400.62,188.51,21.64,5.61,0.98,-1,-1,-1
401,1,399.75,170.49,19.08,6.09,1.00,-1,-1,-1
421,1,374.04,168.16,20.86,7.55,1.00,-1,-1,-1
421,2,377.09,276.58,5.42,3.51,0.81,-1,-1,-1
441,1,336.87,181.61,21.95,8.57,1.00,-1,-1,-1
461,1,334.47,227.85,19.15,4.97,0.97,-1,-1,-1
461,2,394.84,275.42,8.20,3.34,0.95,-1,-1,-1
481,2,397.56,274.74,6.63,3.50,0.96,-1,-1,-1
501,2,396.96,273.71,7.43,3.69,0.96,-1,-1,-1
541,3,364.05,231.36,20.60,5.41,0.98,-1,-1,-1
561,3,367.31,98.74,20.05,9.63,1.00,-1,-1,-1
561,2,396.64,222.38,11.33,3.92,0.84,-1,-1,-1
581,3,340.21,48.71,20.02,11.92,1.00,-1,-1,-1
581,2,394.51,202.90,9.30,3.66,0.49,-1,-1,-1
601,3,288.64,72.72,19.26,12.12,1.00,-1,-1,-1
601,2,370.28,202.30,8.39,2.54,0.95,-1,-1,-1
621,3,281.64,125.50,19.69,8.22,1.00,-1,-1,-1
621,2,357.30,228.64,10.48,3.24,0.62,-1,-1,-1
641,3,281.95,177.84,21.25,6.78,1.00,-1,-1,-1
661,3,279.92,222.06,19.60,5.17,0.98,-1,-1,-1
701,3,344.69,268.35,8.40,4.00,0.93,-1,-1,-1
721,3,336.04,267.77,8.43,3.49,0.97,-1,-1,-1
721,1,311.95,219.36,18.06,4.87,0.99,-1,-1,-1
741,1,312.97,177.25,21.84,8.55,1.00,-1,-1,-1
761,1,275.87,185.74,20.23,9.11,1.00,-1,-1,-1
761,3,279.29,251.84,6.96,2.93,0.79,-1,-1,-1
781,2,278.75,237.87,7.66,3.26,0.56,-1,-1,-1
801,2,280.76,201.26,8.42,2.60,0.96,-1,-1,-1
821,2,281.82,161.67,9.88,4.21,0.99,-1,-1,-1
841,2,263.67,157.49,8.71,3.79,0.98,-1,-1,-1
861,2,222.21,169.76,9.37,4.26,0.99,-1,-1,-1
861,1,294.59,175.15,21.96,6.75,0.99,-1,-1,-1
881,1,290.22,87.61,19.93,13.16,1.00,-1,-1,-1
901,1,233.22,94.18,18.62,13.91,1.00,-1,-1,-1
901,3,201.98,240.67,6.35,3.41,0.93,-1,-1,-1
921,1,198.99,149.11,21.13,8.97,1.00,-1,-1,-1
921,3,207.69,254.16,6.80,3.67,0.94,-1,-1,-1
941,1,195.44,200.13,20.72,6.60,0.99,-1,-1,-1
941,3,244.43,254.02,7.64,3.55,0.84,-1,-1,-1
1001,3,321.20,204.86,10.31,3.90,0.96,-1,-1,-1
1001,1,235.90,213.04,22.04,5.86,0.99,-1,-1,-1
1021,3,326.26,197.69,10.82,3.76,0.97,-1,-1,-1
1021,1,243.33,114.92,22.50,10.34,0.99,-1,-1,-1
1041,3,345.63,184.99,10.98,3.61,0.98,-1,-1,-1
1041,1,210.05,103.83,21.76,7.90,1.00,-1,-1,-1
1061,3,370.01,191.01,14.22,5.97,1.00,-1,-1,-1
1061,1,140.63,145.38,22.86,8.62,1.00,-1,-1,-1
1081,3,376.98,227.93,13.19,3.71,0.97,-1,-1,-1
1081,1,83.56,190.93,19.87,5.91,0.98,-1,-1,-1
1101,3,376.86,235.69,13.79,5.16,0.89,-1,-1,-1
1101,2,34.43,189.20,15.79,5.37,0.89,-1,-1,-1
1121,3,376.63,235.84,14.57,5.18,0.97,-1,-1,-1
1141,3,377.92,237.32,12.52,5.00,0.61,-1,-1,-1
1141,1,21.82,247.03,8.20,4.92,0.74,-1,-1,-1
1161,1,40.40,247.64,7.76,4.50,0.95,-1,-1,-1
1161,3,372.22,237.45,13.95,4.93,0.94,-1,-1,-1
1181,3,354.87,238.93,13.94,3.98,0.96,-1,-1,-1
1181,1,76.83,241.88,6.96,4.24,0.92,-1,-1,-1
1201,3,360.36,239.10,12.92,4.23,0.94,-1,-1,-1
1201,1,86.24,239.68,9.44,4.71,0.98,-1,-1,-1
1221,1,80.81,236.93,14.19,6.43,0.39,-1,-1,-1
1221,2,81.83,238.07,12.63,5.50,0.95,-1,-1,-1
1261,2,134.49,186.20,27.43,7.50,0.99,-1,-1,-1
1281,2,148.17,173.27,25.64,8.41,0.99,-1,-1,-1
1301,2,154.89,207.72,24.66,5.72,0.99,-1,-1,-1
1341,2,155.99,141.57,26.18,8.20,0.99,-1,-1,-1
1361,2,165.54,81.39,24.80,11.51,0.99,-1,-1,-1
1381,2,180.16,86.04,24.26,10.71,1.00,-1,-1,-1
1401,2,193.56,107.59,24.96,8.70,1.00,-1,-1,-1
1401,1,343.87,249.63,8.87,3.94,0.86,-1,-1,-1
1421,2,195.05,165.03,25.97,7.46,0.99,-1,-1,-1
1421,1,341.77,249.28,9.52,3.75,0.96,-1,-1,-1
1441,1,341.12,250.02,9.00,3.75,0.96,-1,-1,-1
1441,2,195.49,219.66,11.42,4.88,0.88,-1,-1,-1
1461,1,338.79,251.79,8.16,3.67,0.95,-1,-1,-1
1481,1,330.93,253.91,7.49,3.38,0.90,-1,-1,-1
1501,1,224.02,202.98,23.97,6.22,0.99,-1,-1,-1
1521,1,243.81,139.92,23.04,8.89,1.00,-1,-1,-1
1521,3,286.61,253.05,5.65,2.93,0.87,-1,-1,-1
1541,1,255.13,184.47,26.45,7.23,1.00,-1,-1,-1
1561,1,257.80,224.85,19.93,6.16,0.99,-1,-1,-1
1561,3,203.32,256.29,7.87,4.04,0.97,-1,-1,-1
1581,1,259.47,214.26,23.89,5.51,0.98,-1,-1,-1
1581,3,203.40,268.74,6.04,3.13,0.93,-1,-1,-1
1601,1,274.81,156.50,23.73,10.88,1.00,-1,-1,-1
1601,3,211.73,269.69,6.65,3.51,0.93,-1,-1,-1
1621,1,293.66,195.65,23.91,6.49,0.99,-1,-1,-1
1621,3,248.35,270.89,6.10,3.16,0.89,-1,-1,-1
1641,1,297.74,237.14,19.13,5.15,0.95,-1,-1,-1
1641,3,276.45,271.87,8.45,3.83,0.95,-1,-1,-1
1661,3,282.47,257.33,6.00,3.49,0.93,-1,-1,-1
1681,1,313.87,205.83,23.02,5.68,0.97,-1,-1,-1
1681,3,281.94,239.49,10.08,3.45,0.75,-1,-1,-1
1701,1,318.98,165.09,24.61,6.75,0.99,-1,-1,-1
1701,3,282.32,217.76,8.68,3.36,0.97,-1,-1,-1
1721,1,325.90,135.76,24.91,10.99,1.00,-1,-1,-1
1721,3,281.51,214.87,9.52,3.09,0.92,-1,-1,-1
1741,1,344.57,179.54,23.34,6.51,0.99,-1,-1,-1
1741,3,270.50,214.37,8.85,2.75,0.91,-1,-1,-1
1761,1,346.37,226.55,21.41,5.33,0.99,-1,-1,-1
1781,1,343.37,254.39,9.74,3.96,0.38,-1,-1,-1
1781,3,352.33,255.35,10.13,4.11,0.49,-1,-1,-1
1801,1,232.53,261.59,6.06,3.28,0.90,-1,-1,-1
1821,1,234.15,260.72,6.01,3.05,0.91,-1,-1,-1
1821,3,358.38,173.98,23.54,7.12,0.99,-1,-1,-1
1841,1,231.43,259.47,6.59,3.52,0.95,-1,-1,-1
1841,3,352.20,109.17,22.67,11.81,1.00,-1,-1,-1
1841,6,121.72,208.74,9.05,4.00,0.82,-1,-1,-1
1861,1,220.67,259.97,7.54,3.51,0.94,-1,-1,-1
1861,3,310.93,130.79,23.38,12.17,1.00,-1,-1,-1
1861,6,122.95,207.80,9.23,3.31,0.75,-1,-1,-1
1881,1,204.24,260.01,7.66,3.51,0.94,-1,-1,-1
1881,3,300.80,186.83,23.51,7.98,0.99,-1,-1,-1
1901,1,202.05,242.12,5.70,3.26,0.93,-1,-1,-1
1901,3,303.25,229.94,22.30,5.23,0.99,-1,-1,-1
1921,1,202.15,227.38,8.04,3.67,0.67,-1,-1,-1
1921,3,291.89,220.92,25.59,6.05,0.98,-1,-1,-1
1941,1,184.52,226.98,6.32,3.11,0.95,-1,-1,-1
1941,3,282.12,139.08,27.95,8.31,0.99,-1,-1,-1
1961,3,270.12,148.89,23.67,9.54,1.00,-1,-1,-1
1961,1,152.00,235.04,5.40,2.99,0.93,-1,-1,-1
1981,3,258.14,151.81,25.77,8.31,1.00,-1,-1,-1
1981,1,146.49,254.59,6.47,3.33,0.90,-1,-1,-1
2001,3,223.12,190.12,26.35,9.00,1.00,-1,-1,-1
2001,1,146.49,267.90,6.94,3.18,0.93,-1,-1,-1
2021,1,153.27,270.64,8.79,4.02,0.92,-1,-1,-1
2021,6,216.74,224.36,10.76,3.88,0.55,-1,-1,-1
2041,1,191.00,271.20,7.08,3.17,0.92,-1,-1,-1
2041,3,179.43,194.40,27.15,9.30,1.00,-1,-1,-1
2061,1,242.03,272.86,6.26,3.18,0.88,-1,-1,-1
2061,3,149.81,135.88,27.88,11.06,1.00,-1,-1,-1
2081,1,290.34,271.80,5.93,3.40,0.79,-1,-1,-1
2081,3,95.64,174.01,28.34,11.07,0.99,-1,-1,-1
2121,3,312.77,226.28,11.14,3.46,0.94,-1,-1,-1
2121,1,106.05,229.80,6.15,3.80,0.52,-1,-1,-1
2121,6,106.36,230.16,6.52,4.09,0.51,-1,-1,-1
2128,6,299.07,226.07,10.96,3.47,0.82,-1,-1,-1
