1,1,173.38,119.50,13.50,6.00,1.00,-1,-1,-1
21,1,172.98,119.30,14.26,6.14,1.00,-1,-1,-1
41,1,171.64,119.38,15.40,6.19,1.00,-1,-1,-1
61,1,176.63,119.32,14.87,6.27,1.00,-1,-1,-1
81,1,188.29,119.36,14.92,6.15,1.00,-1,-1,-1
101,1,201.37,119.58,14.63,5.83,1.00,-1,-1,-1
101,2,461.15,255.02,11.91,4.08,0.73,-1,-1,-1
121,1,216.36,119.59,13.86,5.80,1.00,-1,-1,-1
141,1,228.67,119.66,14.17,5.66,1.00,-1,-1,-1
141,2,469.86,221.47,15.23,5.20,0.96,-1,-1,-1
161,1,241.04,119.48,13.56,5.78,1.00,-1,-1,-1
161,2,475.74,221.59,15.21,4.71,0.97,-1,-1,-1
181,1,251.56,117.45,13.55,6.63,0.99,-1,-1,-1
181,2,486.37,220.85,15.23,4.20,0.96,-1,-1,-1
201,1,260.77,116.01,14.01,6.16,0.99,-1,-1,-1
201,2,489.69,222.38,12.00,3.56,0.78,-1,-1,-1
221,1,264.17,112.48,14.52,6.03,1.00,-1,-1,-1
221,2,491.36,220.52,15.34,4.19,0.97,-1,-1,-1
241,1,263.00,108.84,14.14,6.20,0.99,-1,-1,-1
241,2,490.57,223.36,15.55,4.26,0.96,-1,-1,-1
261,1,262.39,104.99,14.21,6.27,1.00,-1,-1,-1
261,2,490.48,223.96,12.87,3.77,0.35,-1,-1,-1
281,1,265.88,104.46,14.56,6.26,1.00,-1,-1,-1
281,2,488.01,224.87,16.01,4.72,0.89,-1,-1,-1
301,1,268.40,104.66,13.97,6.56,1.00,-1,-1,-1
301,2,487.72,225.52,16.35,4.76,0.98,-1,-1,-1
321,1,270.78,107.75,13.55,6.78,0.99,-1,-1,-1
321,2,488.23,225.18,16.15,4.81,0.92,-1,-1,-1
341,1,273.34,113.10,12.98,6.54,1.00,-1,-1,-1
341,2,486.99,224.86,16.38,4.98,0.93,-1,-1,-1
361,1,274.95,120.62,12.88,5.89,1.00,-1,-1,-1
361,2,489.29,224.28,12.90,3.79,0.47,-1,-1,-1
381,1,277.70,128.29,11.94,6.02,1.00,-1,-1,-1
381,2,485.76,224.53,12.56,3.69,0.82,-1,-1,-1
381,6,483.25,224.12,12.50,4.00,0.72,-1,-1,-1
401,1,279.21,136.90,11.16,6.02,1.00,-1,-1,-1
401,2,483.42,224.87,15.53,4.52,0.45,-1,-1,-1
421,1,280.43,147.73,11.13,5.40,0.99,-1,-1,-1
421,2,484.00,224.46,15.47,4.48,0.94,-1,-1,-1
441,1,281.25,156.83,9.97,4.73,0.99,-1,-1,-1
441,2,481.73,222.50,15.57,4.36,0.96,-1,-1,-1
461,1,281.78,162.87,10.00,3.44,0.99,-1,-1,-1
461,2,480.41,218.93,16.35,4.83,0.99,-1,-1,-1
481,1,282.46,163.83,9.33,3.39,0.99,-1,-1,-1
481,2,478.83,223.60,15.16,3.98,0.97,-1,-1,-1
501,1,281.88,160.79,9.08,4.28,0.99,-1,-1,-1
521,1,281.48,154.17,8.65,4.27,0.99,-1,-1,-1
541,1,282.09,148.38,9.47,4.50,0.99,-1,-1,-1
561,1,285.14,146.32,9.47,4.16,0.99,-1,-1,-1
581,1,291.25,146.42,9.88,4.40,0.99,-1,-1,-1
601,1,302.58,146.72,8.78,4.34,0.99,-1,-1,-1
621,1,316.86,144.64,9.62,4.09,0.99,-1,-1,-1
621,2,463.99,255.26,16.54,4.91,0.71,-1,-1,-1
641,1,320.30,140.67,8.97,3.70,0.99,-1,-1,-1
661,1,322.07,138.14,9.07,4.49,0.99,-1,-1,-1
661,2,460.52,250.64,17.25,4.61,0.65,-1,-1,-1
681,1,338.85,138.64,8.91,4.24,0.99,-1,-1,-1
701,1,358.80,137.48,8.87,4.40,1.00,-1,-1,-1
721,1,364.87,134.65,9.39,4.39,0.99,-1,-1,-1
741,1,362.02,131.69,8.80,4.37,0.99,-1,-1,-1
761,1,357.74,130.85,9.03,4.24,0.99,-1,-1,-1
781,1,355.71,129.08,9.51,4.25,0.99,-1,-1,-1
801,1,356.14,129.19,8.92,4.11,0.99,-1,-1,-1
821,1,356.01,129.45,9.19,3.84,0.99,-1,-1,-1
841,1,355.01,129.66,9.51,4.49,0.99,-1,-1,-1
861,1,355.61,131.44,8.46,4.33,0.99,-1,-1,-1
881,1,356.03,134.04,9.33,4.53,0.99,-1,-1,-1
901,1,356.52,137.78,8.49,4.22,0.99,-1,-1,-1
901,2,574.40,266.71,43.67,10.96,0.52,-1,-1,-1
921,1,356.97,141.77,8.46,3.54,0.98,-1,-1,-1
921,2,559.11,265.57,55.52,15.20,0.93,-1,-1,-1
941,1,357.41,144.91,8.21,3.89,0.99,-1,-1,-1
961,1,357.85,148.29,8.32,3.95,0.99,-1,-1,-1
981,1,358.75,151.89,7.48,3.34,0.98,-1,-1,-1
1001,1,359.23,155.67,7.54,3.25,0.99,-1,-1,-1
1021,1,358.77,159.10,7.99,3.24,0.98,-1,-1,-1
1041,1,359.50,160.93,6.99,3.26,0.99,-1,-1,-1
1061,1,359.76,160.88,6.98,3.50,0.99,-1,-1,-1
1081,1,362.19,160.83,7.71,3.34,0.99,-1,-1,-1
1101,1,367.65,159.96,7.17,3.02,0.98,-1,-1,-1
1121,1,367.75,157.12,7.06,3.48,0.99,-1,-1,-1
1121,2,428.69,265.70,57.53,15.70,0.55,-1,-1,-1
1141,1,366.39,153.65,7.49,3.42,0.99,-1,-1,-1
1161,1,365.90,145.64,7.68,3.59,0.99,-1,-1,-1
1181,1,366.09,140.64,7.89,3.50,0.99,-1,-1,-1
1201,1,368.14,138.64,7.81,3.75,0.99,-1,-1,-1
1221,1,372.98,138.78,8.09,3.48,0.99,-1,-1,-1
1241,1,381.07,138.48,7.45,3.66,0.99,-1,-1,-1
1261,1,389.12,137.30,7.40,3.90,0.99,-1,-1,-1
1281,1,397.05,132.40,7.29,3.51,0.98,-1,-1,-1
1281,2,319.36,271.52,62.46,15.63,0.35,-1,-1,-1
1301,1,401.13,126.64,8.19,3.74,0.98,-1,-1,-1
1321,1,402.67,125.00,8.48,4.21,0.99,-1,-1,-1
1341,1,403.77,127.35,7.97,3.74,0.98,-1,-1,-1
1361,1,404.67,129.67,8.53,4.27,0.99,-1,-1,-1
1381,1,405.77,133.72,7.81,3.70,0.98,-1,-1,-1
1381,2,294.44,272.27,54.73,14.58,0.30,-1,-1,-1
1401,1,406.56,137.72,7.38,3.75,0.99,-1,-1,-1
1421,1,407.17,141.60,7.52,3.70,0.98,-1,-1,-1
1441,1,407.93,146.31,6.54,3.24,0.99,-1,-1,-1
1461,1,407.91,150.07,6.67,3.67,0.97,-1,-1,-1
1461,2,322.95,223.25,65.63,13.80,0.99,-1,-1,-1
1481,1,408.59,154.21,6.35,3.13,0.99,-1,-1,-1
1501,1,408.70,157.26,6.12,3.26,0.98,-1,-1,-1
1521,1,409.19,159.25,6.00,3.23,0.97,-1,-1,-1
1521,2,323.22,226.31,64.33,13.48,0.98,-1,-1,-1
1541,1,409.51,160.96,5.99,2.65,0.98,-1,-1,-1
1541,2,332.35,206.25,67.86,17.72,0.99,-1,-1,-1
1561,1,410.21,162.84,5.54,3.42,0.99,-1,-1,-1
1561,2,405.27,205.81,72.34,16.09,0.99,-1,-1,-1
1581,1,410.07,165.50,5.86,2.99,0.97,-1,-1,-1
1581,2,328.81,205.31,71.13,17.41,0.99,-1,-1,-1
1601,1,410.68,167.97,5.48,2.57,0.96,-1,-1,-1
1601,2,226.88,207.03,67.87,18.20,0.99,-1,-1,-1
1621,1,411.69,169.70,5.57,3.01,0.93,-1,-1,-1
1621,2,317.60,205.10,69.59,19.46,1.00,-1,-1,-1
1641,1,411.53,169.56,5.96,2.73,0.96,-1,-1,-1
1641,2,412.30,227.09,35.82,8.42,0.59,-1,-1,-1
1641,10,380.25,225.38,64.00,15.25,0.98,-1,-1,-1
1661,1,411.24,168.91,6.00,3.26,0.97,-1,-1,-1
1661,2,379.54,218.32,62.77,17.04,0.99,-1,-1,-1
1681,1,411.50,168.20,5.51,3.00,0.95,-1,-1,-1
1681,2,366.87,236.83,75.65,18.80,0.99,-1,-1,-1
1701,1,412.21,167.09,4.60,3.28,0.81,-1,-1,-1
1701,2,367.28,232.07,73.56,19.86,0.98,-1,-1,-1
1721,1,412.09,166.24,5.01,3.24,0.83,-1,-1,-1
1721,2,364.48,204.60,63.92,19.62,1.00,-1,-1,-1
1741,1,412.16,167.12,5.17,3.19,0.93,-1,-1,-1
1741,2,279.93,231.77,37.21,9.44,0.77,-1,-1,-1
1761,1,415.39,170.62,3.80,2.40,0.93,-1,-1,-1
1761,2,172.01,241.66,55.38,13.40,0.96,-1,-1,-1
1781,1,416.53,173.28,4.55,2.32,0.94,-1,-1,-1
1781,2,188.91,238.97,61.44,13.97,0.99,-1,-1,-1
1801,1,416.39,176.10,4.06,2.50,0.87,-1,-1,-1
1821,1,415.45,178.80,4.90,2.25,0.97,-1,-1,-1
1841,1,415.50,178.11,3.96,2.00,0.94,-1,-1,-1
1861,1,416.49,176.83,4.56,2.41,0.96,-1,-1,-1
1881,1,418.15,175.01,4.25,2.30,0.93,-1,-1,-1
1901,1,419.08,172.58,5.47,2.47,0.96,-1,-1,-1
1921,1,420.01,169.81,5.05,2.79,0.95,-1,-1,-1
1941,1,419.83,167.35,5.66,2.91,0.95,-1,-1,-1
1961,1,420.92,164.82,5.31,2.24,0.93,-1,-1,-1
1981,1,421.41,162.94,5.38,3.16,0.95,-1,-1,-1
1981,2,352.93,210.69,69.60,17.28,1.00,-1,-1,-1
2001,1,421.13,166.52,6.09,3.03,0.96,-1,-1,-1
2001,2,353.86,233.11,76.30,22.96,1.00,-1,-1,-1
2021,1,420.75,170.97,5.20,2.32,0.93,-1,-1,-1
2041,1,420.34,172.83,5.45,2.34,0.94,-1,-1,-1
2061,1,419.76,169.81,5.94,2.40,0.96,-1,-1,-1
2081,1,419.59,164.46,5.99,2.36,0.95,-1,-1,-1
2098,1,419.19,159.84,6.15,4.02,0.97,-1,-1,-1
