1,1,355.50,126.06,15.50,5.81,0.99,-1,-1,-1
1,2,139.75,271.50,24.00,7.50,0.93,-1,-1,-1
21,1,356.47,126.81,15.23,5.79,1.00,-1,-1,-1
21,2,140.25,270.80,20.80,7.16,0.33,-1,-1,-1
21,5,161.33,283.29,10.76,4.04,0.38,-1,-1,-1
21,6,142.43,271.75,20.31,6.91,0.35,-1,-1,-1
21,3,405.65,282.51,10.18,4.62,0.53,-1,-1,-1
41,1,356.75,127.44,14.43,5.56,1.00,-1,-1,-1
41,5,149.52,276.08,19.18,6.37,0.45,-1,-1,-1
41,2,138.54,270.23,24.59,8.45,0.97,-1,-1,-1
41,3,399.70,286.39,11.21,5.01,0.30,-1,-1,-1
61,1,356.60,127.01,14.91,6.22,1.00,-1,-1,-1
61,5,161.45,283.32,11.19,3.98,0.82,-1,-1,-1
61,2,138.42,270.61,23.03,7.45,0.97,-1,-1,-1
61,3,402.55,280.70,10.42,4.89,0.84,-1,-1,-1
81,1,356.85,128.13,16.09,5.94,1.00,-1,-1,-1
81,5,160.75,283.18,10.98,3.99,0.76,-1,-1,-1
81,2,140.03,270.75,21.77,7.00,0.87,-1,-1,-1
81,3,407.85,270.32,9.55,4.55,0.96,-1,-1,-1
81,12,142.71,271.98,20.63,6.50,0.80,-1,-1,-1
101,1,357.42,132.92,15.75,6.00,0.99,-1,-1,-1
101,5,160.96,283.19,11.03,4.00,0.70,-1,-1,-1
101,2,144.41,273.30,19.32,6.15,0.45,-1,-1,-1
101,3,408.47,270.23,10.32,4.82,0.94,-1,-1,-1
101,12,139.73,270.98,20.80,6.63,0.48,-1,-1,-1
121,1,357.95,138.59,15.81,5.59,1.00,-1,-1,-1
121,5,160.47,283.15,11.91,4.02,0.86,-1,-1,-1
121,2,147.42,273.49,17.85,5.69,0.66,-1,-1,-1
121,12,144.96,271.84,19.09,6.18,0.52,-1,-1,-1
121,3,410.55,269.91,11.39,4.50,0.80,-1,-1,-1
141,1,358.61,145.75,15.34,5.92,1.00,-1,-1,-1
141,5,160.75,283.02,11.49,4.47,0.93,-1,-1,-1
141,2,144.59,273.41,19.98,6.51,0.63,-1,-1,-1
141,12,140.50,271.15,21.16,7.00,0.65,-1,-1,-1
141,3,418.21,268.84,11.36,4.94,0.86,-1,-1,-1
161,1,353.90,145.78,15.14,6.62,1.00,-1,-1,-1
161,5,160.50,283.25,11.51,4.00,0.94,-1,-1,-1
161,3,419.55,268.77,13.22,5.97,0.94,-1,-1,-1
181,1,333.15,145.89,15.28,6.38,1.00,-1,-1,-1
181,5,160.64,283.23,11.77,4.00,0.95,-1,-1,-1
181,3,420.86,268.91,12.39,6.02,0.96,-1,-1,-1
201,1,309.39,148.66,15.70,6.51,0.99,-1,-1,-1
201,5,160.74,283.23,11.25,4.00,0.94,-1,-1,-1
201,3,420.77,269.42,12.46,5.50,0.92,-1,-1,-1
221,1,306.38,158.65,15.41,5.61,1.00,-1,-1,-1
221,5,160.24,283.00,11.76,4.00,0.93,-1,-1,-1
221,3,418.78,269.85,12.56,5.32,0.41,-1,-1,-1
241,1,308.85,172.10,15.84,5.69,0.99,-1,-1,-1
241,5,160.31,282.75,11.56,4.49,0.94,-1,-1,-1
241,3,419.70,269.84,10.59,5.00,0.90,-1,-1,-1
261,1,308.20,176.66,16.56,5.74,1.00,-1,-1,-1
261,3,419.96,270.25,10.52,5.00,0.78,-1,-1,-1
261,5,160.61,282.97,11.04,4.00,0.80,-1,-1,-1
261,17,158.56,281.69,13.54,4.99,0.66,-1,-1,-1
281,1,302.58,176.64,15.84,6.61,1.00,-1,-1,-1
281,5,160.67,283.00,11.51,4.00,0.88,-1,-1,-1
281,3,420.09,269.71,11.63,5.05,0.44,-1,-1,-1
301,1,286.06,177.45,16.21,6.39,1.00,-1,-1,-1
301,5,160.54,283.00,11.54,4.00,0.90,-1,-1,-1
301,17,157.30,281.15,15.53,5.52,0.64,-1,-1,-1
301,3,419.43,270.13,11.48,5.00,0.88,-1,-1,-1
301,2,146.88,274.31,18.86,6.50,0.54,-1,-1,-1
321,1,265.50,178.98,16.72,5.09,1.00,-1,-1,-1
321,3,408.09,272.81,10.78,4.94,0.98,-1,-1,-1
321,12,140.37,271.42,21.96,7.05,0.37,-1,-1,-1
321,2,144.44,273.52,20.12,6.58,0.47,-1,-1,-1
321,5,160.49,283.08,11.75,4.00,0.88,-1,-1,-1
321,17,157.25,281.34,15.76,5.20,0.59,-1,-1,-1
341,1,251.51,178.00,17.02,4.77,1.00,-1,-1,-1
341,3,397.92,275.30,9.71,5.00,0.95,-1,-1,-1
341,5,160.50,283.17,11.73,4.00,0.85,-1,-1,-1
341,19,379.58,263.76,9.85,3.98,0.69,-1,-1,-1
341,17,158.18,281.55,14.70,5.33,0.51,-1,-1,-1
341,2,609.73,181.99,11.07,5.03,0.46,-1,-1,-1
361,1,245.59,171.69,17.48,7.77,0.99,-1,-1,-1
361,5,145.57,272.58,20.76,6.77,0.56,-1,-1,-1
361,19,379.22,263.66,10.56,4.18,0.68,-1,-1,-1
361,12,144.00,271.56,21.63,7.26,0.90,-1,-1,-1
361,3,402.20,274.94,12.92,5.54,0.98,-1,-1,-1
361,17,160.42,282.75,12.43,4.50,0.44,-1,-1,-1
361,2,128.38,272.78,22.89,7.40,0.30,-1,-1,-1
381,1,245.11,181.98,18.80,6.58,0.99,-1,-1,-1
381,3,410.69,274.18,10.94,4.99,0.97,-1,-1,-1
381,5,142.75,272.42,25.52,8.50,0.64,-1,-1,-1
381,12,136.46,269.28,27.86,9.97,0.97,-1,-1,-1
381,21,161.69,283.03,11.28,3.99,0.57,-1,-1,-1
381,19,174.11,268.36,18.81,7.04,0.33,-1,-1,-1
401,1,244.63,184.60,18.39,5.84,1.00,-1,-1,-1
401,3,411.43,274.47,14.17,5.50,0.99,-1,-1,-1
401,5,144.66,270.91,21.96,6.99,0.43,-1,-1,-1
401,2,140.52,269.21,22.74,6.87,0.37,-1,-1,-1
421,1,247.20,184.01,17.89,5.33,0.99,-1,-1,-1
421,3,409.69,273.83,11.10,5.05,0.97,-1,-1,-1
421,5,143.99,272.28,20.15,6.80,0.81,-1,-1,-1
421,2,139.81,269.93,21.02,7.21,0.55,-1,-1,-1
421,17,160.41,283.09,11.66,4.00,0.81,-1,-1,-1
421,23,142.50,271.00,20.75,7.00,0.83,-1,-1,-1
441,1,254.50,178.23,19.61,6.22,1.00,-1,-1,-1
441,3,408.76,265.64,11.99,5.02,0.97,-1,-1,-1
441,2,137.76,270.29,23.29,8.36,0.63,-1,-1,-1
441,17,160.80,283.46,12.36,4.50,0.70,-1,-1,-1
441,5,143.61,272.48,22.88,8.26,0.34,-1,-1,-1
441,24,141.75,271.00,23.00,8.50,0.92,-1,-1,-1
461,1,259.93,163.97,18.96,7.52,0.99,-1,-1,-1
461,3,409.29,265.16,14.45,6.18,0.98,-1,-1,-1
461,2,139.10,269.17,22.78,8.41,0.77,-1,-1,-1
461,5,160.90,283.18,11.79,4.07,0.40,-1,-1,-1
461,17,159.90,282.29,12.80,4.77,0.35,-1,-1,-1
481,1,257.72,144.69,19.45,6.43,1.00,-1,-1,-1
481,3,410.92,268.98,13.03,5.95,0.96,-1,-1,-1
481,2,139.27,269.14,26.97,9.88,0.96,-1,-1,-1
501,1,257.26,120.18,19.31,7.27,1.00,-1,-1,-1
501,3,411.12,271.72,10.43,4.99,0.96,-1,-1,-1
501,2,144.27,270.20,22.94,6.81,0.35,-1,-1,-1
501,24,147.40,271.39,22.91,8.07,0.62,-1,-1,-1
521,1,254.60,91.22,18.48,8.16,1.00,-1,-1,-1
521,3,410.77,272.77,11.02,5.00,0.97,-1,-1,-1
521,24,159.17,282.25,10.81,4.51,0.46,-1,-1,-1
541,1,253.32,67.20,17.70,8.53,0.99,-1,-1,-1
541,3,410.95,272.73,10.52,5.06,0.97,-1,-1,-1
541,5,144.81,271.84,20.52,6.67,0.59,-1,-1,-1
541,2,142.29,271.19,20.13,6.17,0.35,-1,-1,-1
541,19,378.78,263.24,10.52,4.50,0.38,-1,-1,-1
541,24,157.71,282.11,12.14,4.22,0.48,-1,-1,-1
561,1,252.23,62.28,18.32,8.23,1.00,-1,-1,-1
561,3,410.39,271.65,12.55,5.50,0.98,-1,-1,-1
561,2,139.80,270.81,20.28,6.98,0.44,-1,-1,-1
561,5,142.28,272.19,20.32,6.49,0.58,-1,-1,-1
581,1,249.46,65.74,17.15,9.04,1.00,-1,-1,-1
581,3,406.15,271.65,12.05,5.69,0.97,-1,-1,-1
581,2,143.15,272.53,20.51,6.97,0.82,-1,-1,-1
581,5,141.01,271.37,21.76,7.29,0.76,-1,-1,-1
581,19,171.08,279.31,14.80,5.17,0.52,-1,-1,-1
581,26,160.74,283.00,10.75,4.00,0.91,-1,-1,-1
601,1,243.82,75.15,17.60,8.70,0.99,-1,-1,-1
601,3,397.95,272.67,10.73,5.19,0.99,-1,-1,-1
601,2,139.69,270.35,21.82,7.16,0.71,-1,-1,-1
601,5,140.95,271.28,25.06,7.69,0.77,-1,-1,-1
601,26,159.41,281.76,14.35,4.99,0.56,-1,-1,-1
601,19,354.20,263.78,11.06,4.39,0.34,-1,-1,-1
601,34,142.88,272.50,28.25,8.50,0.85,-1,-1,-1
601,35,147.38,275.00,26.00,8.00,0.73,-1,-1,-1
621,1,236.50,90.50,16.17,6.22,1.00,-1,-1,-1
621,3,388.44,275.05,13.62,5.84,0.97,-1,-1,-1
621,5,143.80,272.74,20.90,7.04,0.88,-1,-1,-1
621,26,160.68,283.01,11.10,3.99,0.79,-1,-1,-1
621,36,140.39,270.91,22.31,7.17,0.80,-1,-1,-1
621,2,138.98,270.23,20.99,6.50,0.51,-1,-1,-1
641,1,234.34,108.60,14.80,6.06,0.99,-1,-1,-1
641,3,380.65,277.61,11.28,5.37,0.63,-1,-1,-1
641,5,143.38,272.72,21.35,7.00,0.90,-1,-1,-1
641,26,160.45,282.75,11.26,4.00,0.79,-1,-1,-1
641,36,140.89,271.32,22.46,7.43,0.80,-1,-1,-1
641,2,138.92,270.14,21.59,6.94,0.49,-1,-1,-1
661,1,234.93,123.51,16.28,6.17,1.00,-1,-1,-1
661,3,383.38,278.45,11.47,5.04,0.62,-1,-1,-1
661,5,142.74,272.31,21.96,7.49,0.94,-1,-1,-1
661,26,160.54,282.78,11.06,4.06,0.77,-1,-1,-1
661,36,141.76,271.86,22.42,7.27,0.91,-1,-1,-1
681,1,236.95,148.43,16.27,6.79,0.99,-1,-1,-1
681,3,396.40,276.53,9.54,4.99,0.94,-1,-1,-1
681,5,144.14,273.24,20.57,7.00,0.80,-1,-1,-1
681,26,160.77,282.98,11.15,4.00,0.88,-1,-1,-1
681,2,139.14,270.63,21.43,7.10,0.62,-1,-1,-1
701,1,233.55,163.28,16.58,6.40,1.00,-1,-1,-1
701,3,411.39,275.24,9.73,5.01,0.93,-1,-1,-1
701,5,144.46,273.28,19.99,6.50,0.82,-1,-1,-1
701,26,160.63,282.75,11.01,4.00,0.78,-1,-1,-1
701,2,140.80,271.01,21.32,7.00,0.72,-1,-1,-1
701,19,379.41,263.30,10.66,4.51,0.36,-1,-1,-1
721,1,221.33,163.66,16.69,6.48,0.99,-1,-1,-1
721,3,424.61,274.72,9.97,5.20,0.96,-1,-1,-1
721,5,145.78,273.62,18.90,6.04,0.76,-1,-1,-1
721,26,160.50,282.75,11.00,4.00,0.84,-1,-1,-1
721,2,142.02,271.32,20.56,6.54,0.73,-1,-1,-1
741,1,199.48,172.15,17.68,6.07,0.99,-1,-1,-1
741,3,436.67,274.08,11.48,5.32,0.99,-1,-1,-1
741,2,142.22,271.52,19.56,6.44,0.54,-1,-1,-1
741,5,146.58,274.16,17.97,6.00,0.51,-1,-1,-1
741,37,158.21,281.35,14.02,4.91,0.50,-1,-1,-1
741,26,161.16,282.87,11.34,4.00,0.86,-1,-1,-1
761,1,193.74,187.45,13.91,5.35,0.99,-1,-1,-1
761,3,446.90,273.27,11.50,4.86,0.99,-1,-1,-1
761,26,161.07,283.08,10.33,4.00,0.85,-1,-1,-1
761,2,141.22,271.57,21.80,7.49,0.92,-1,-1,-1
761,39,139.75,270.75,22.00,7.50,0.94,-1,-1,-1
781,1,192.62,205.51,19.56,6.58,0.97,-1,-1,-1
781,3,460.61,272.37,9.90,5.00,0.94,-1,-1,-1
781,26,160.74,282.67,10.57,4.33,0.88,-1,-1,-1
781,2,140.25,271.00,21.25,6.99,0.93,-1,-1,-1
781,40,143.18,272.43,20.51,6.99,0.85,-1,-1,-1
781,41,139.15,270.25,19.75,6.50,0.77,-1,-1,-1
781,19,378.50,263.42,11.00,4.50,0.39,-1,-1,-1
801,1,194.21,223.05,17.03,5.51,0.99,-1,-1,-1
801,3,480.26,270.08,13.76,5.33,0.97,-1,-1,-1
801,26,161.25,283.00,10.49,4.00,0.81,-1,-1,-1
801,41,139.81,270.60,21.23,6.56,0.69,-1,-1,-1
801,19,379.00,263.25,10.94,4.50,0.40,-1,-1,-1
801,2,140.47,271.03,22.47,7.40,0.93,-1,-1,-1
821,1,198.30,229.69,15.97,4.79,0.99,-1,-1,-1
821,2,141.07,271.42,20.66,6.15,0.72,-1,-1,-1
821,3,505.88,267.37,11.61,5.15,0.98,-1,-1,-1
821,26,160.91,283.00,10.82,4.00,0.90,-1,-1,-1
821,40,145.04,273.33,19.46,6.14,0.44,-1,-1,-1
821,44,56.12,267.35,12.14,4.39,0.84,-1,-1,-1
841,1,202.06,233.99,16.57,6.13,1.00,-1,-1,-1
841,3,532.32,264.02,9.94,4.97,0.98,-1,-1,-1
861,1,204.55,249.84,19.42,6.25,1.00,-1,-1,-1
861,3,539.18,260.67,12.04,5.52,0.93,-1,-1,-1
861,26,264.36,273.49,9.07,3.96,0.98,-1,-1,-1
861,43,161.16,282.70,10.96,4.13,0.75,-1,-1,-1
881,1,201.75,251.06,20.29,6.32,0.99,-1,-1,-1
881,3,535.03,259.31,11.85,5.00,0.98,-1,-1,-1
881,43,160.11,282.41,11.17,4.35,0.84,-1,-1,-1
881,40,145.53,273.39,18.97,6.51,0.69,-1,-1,-1
881,2,141.66,271.27,20.89,7.01,0.67,-1,-1,-1
881,19,378.71,263.25,10.63,4.50,0.40,-1,-1,-1
901,1,190.65,251.37,17.10,5.67,0.99,-1,-1,-1
901,3,525.78,261.00,12.64,5.51,0.96,-1,-1,-1
901,43,160.39,282.66,10.74,4.13,0.85,-1,-1,-1
901,40,144.45,273.06,19.43,6.44,0.89,-1,-1,-1
901,2,141.21,271.51,21.04,6.49,0.92,-1,-1,-1
901,41,137.92,270.20,19.50,6.35,0.52,-1,-1,-1
921,1,163.31,254.68,18.76,5.10,0.97,-1,-1,-1
921,3,519.32,265.15,10.31,4.85,0.99,-1,-1,-1
921,40,147.20,273.22,17.43,6.33,0.37,-1,-1,-1
921,2,144.01,271.50,19.38,6.50,0.42,-1,-1,-1
921,26,162.18,283.24,9.80,4.00,0.87,-1,-1,-1
921,44,352.18,274.80,10.71,4.73,0.94,-1,-1,-1
941,3,511.95,268.49,11.15,5.00,0.96,-1,-1,-1
941,2,147.32,269.08,23.79,7.38,0.95,-1,-1,-1
941,43,161.77,283.01,10.48,3.99,0.35,-1,-1,-1
961,3,509.85,270.80,13.12,5.44,0.98,-1,-1,-1
961,2,147.23,266.29,22.95,6.65,0.99,-1,-1,-1
981,3,508.28,271.49,13.87,5.38,0.99,-1,-1,-1
981,2,149.84,259.87,23.12,6.49,0.99,-1,-1,-1
981,43,160.55,281.76,11.25,4.33,0.61,-1,-1,-1
981,26,161.23,282.52,10.51,4.00,0.80,-1,-1,-1
1001,3,506.10,271.76,11.53,4.65,0.96,-1,-1,-1
1001,2,140.50,254.73,24.95,8.02,1.00,-1,-1,-1
1021,3,495.29,271.48,10.46,4.72,0.96,-1,-1,-1
1021,2,123.18,256.39,28.18,9.39,1.00,-1,-1,-1
1021,26,160.55,282.79,11.05,4.13,0.45,-1,-1,-1
1041,3,480.96,271.03,11.37,4.87,0.96,-1,-1,-1
1041,40,143.92,272.19,19.12,6.40,0.71,-1,-1,-1
1041,2,141.68,270.87,19.72,5.88,0.63,-1,-1,-1
1041,26,159.65,282.48,11.75,4.00,0.41,-1,-1,-1
1041,47,126.25,291.02,8.72,3.99,0.95,-1,-1,-1
1061,3,467.97,271.85,11.76,4.64,0.98,-1,-1,-1
1061,2,141.32,271.67,19.79,6.16,0.69,-1,-1,-1
1061,47,128.52,290.50,10.20,4.84,0.92,-1,-1,-1
1061,44,139.99,270.66,19.35,5.65,0.46,-1,-1,-1
1061,40,143.42,272.71,18.96,6.00,0.61,-1,-1,-1
1081,3,457.47,274.32,10.27,4.74,0.98,-1,-1,-1
1081,26,161.84,283.06,10.08,3.65,0.35,-1,-1,-1
1081,54,57.94,286.25,10.75,4.50,0.80,-1,-1,-1
1081,2,140.50,270.98,20.27,6.39,0.79,-1,-1,-1
1101,3,445.59,278.32,14.34,5.84,0.98,-1,-1,-1
1101,2,122.45,228.72,26.32,8.13,0.99,-1,-1,-1
1101,40,149.16,275.17,16.45,5.67,0.46,-1,-1,-1
1101,47,146.07,271.90,17.84,6.13,0.45,-1,-1,-1
1121,3,438.80,281.05,12.45,5.47,0.99,-1,-1,-1
1121,2,122.44,183.86,24.58,7.69,1.00,-1,-1,-1
1121,40,144.60,271.82,19.36,6.45,0.89,-1,-1,-1
1121,26,142.23,270.71,20.56,6.18,0.69,-1,-1,-1
1141,3,431.25,282.54,11.94,4.99,0.99,-1,-1,-1
1141,2,121.35,142.90,26.04,9.35,1.00,-1,-1,-1
1141,40,143.23,271.58,20.57,6.51,0.95,-1,-1,-1
1141,26,140.57,270.40,20.93,6.42,0.69,-1,-1,-1
1141,56,161.43,283.02,10.38,4.00,0.43,-1,-1,-1
1161,3,423.17,282.93,11.29,5.60,0.97,-1,-1,-1
1161,2,122.24,115.48,24.15,10.78,0.98,-1,-1,-1
1161,40,143.34,271.69,20.15,6.50,0.93,-1,-1,-1
1161,26,141.26,270.88,20.98,6.26,0.81,-1,-1,-1
1161,56,159.05,281.72,12.37,4.51,0.45,-1,-1,-1
1181,3,413.79,281.89,9.99,4.83,0.98,-1,-1,-1
1181,2,122.98,114.24,28.44,10.70,0.97,-1,-1,-1
1181,40,143.22,271.85,20.71,6.69,0.88,-1,-1,-1
1181,26,140.98,270.75,21.59,6.90,0.90,-1,-1,-1
1181,64,161.38,283.25,11.25,4.00,0.84,-1,-1,-1
1201,2,134.24,114.85,24.38,7.96,0.93,-1,-1,-1
1201,64,161.40,283.25,10.85,4.00,0.85,-1,-1,-1
1201,26,140.15,270.50,22.22,7.50,0.95,-1,-1,-1
1201,61,139.89,114.63,19.76,6.72,0.97,-1,-1,-1
1201,3,400.48,282.43,9.01,4.51,0.98,-1,-1,-1
1201,70,130.62,115.50,25.50,8.25,0.82,-1,-1,-1
1221,2,153.14,114.52,27.36,10.49,0.99,-1,-1,-1
1221,64,161.26,283.25,10.75,4.00,0.88,-1,-1,-1
1221,26,139.21,270.53,22.67,7.45,0.93,-1,-1,-1
1221,3,385.74,284.01,11.17,5.15,0.95,-1,-1,-1
1221,71,142.04,272.00,21.49,7.00,0.87,-1,-1,-1
1241,2,192.58,115.15,25.67,10.56,0.99,-1,-1,-1
1241,64,161.32,283.24,10.77,4.01,0.60,-1,-1,-1
1241,26,139.12,270.53,23.11,7.45,0.91,-1,-1,-1
1241,3,368.08,285.62,9.90,4.63,0.94,-1,-1,-1
1241,56,84.05,283.98,11.66,4.66,0.62,-1,-1,-1
1261,2,229.92,115.61,25.56,10.20,0.99,-1,-1,-1
1261,3,348.87,285.92,11.36,4.94,0.96,-1,-1,-1
1261,26,139.66,270.27,21.18,6.43,0.67,-1,-1,-1
1261,71,143.56,272.27,20.68,6.32,0.53,-1,-1,-1
1261,73,142.76,271.81,21.35,6.61,0.91,-1,-1,-1
1281,2,237.30,116.54,25.27,9.40,1.00,-1,-1,-1
1281,3,331.89,287.24,11.46,4.69,0.96,-1,-1,-1
1281,26,143.48,272.64,21.91,7.02,0.89,-1,-1,-1
1281,71,140.90,270.98,22.98,7.41,0.80,-1,-1,-1
1281,64,161.02,283.00,10.95,4.00,0.73,-1,-1,-1
1281,56,212.00,281.86,12.21,4.49,0.97,-1,-1,-1
1301,2,253.62,117.26,25.57,9.49,1.00,-1,-1,-1
1301,3,316.18,287.85,9.63,4.50,0.95,-1,-1,-1
1301,26,142.78,270.45,28.23,9.24,0.74,-1,-1,-1
1301,71,139.96,269.83,27.68,7.78,0.35,-1,-1,-1
1321,2,275.13,117.63,25.25,9.53,1.00,-1,-1,-1
1321,3,299.23,289.60,7.85,3.82,0.93,-1,-1,-1
1341,2,293.39,118.12,24.90,9.83,1.00,-1,-1,-1
1341,3,275.27,292.29,8.88,4.13,0.95,-1,-1,-1
1341,26,140.12,270.38,21.50,7.47,0.73,-1,-1,-1
1361,2,299.87,119.09,24.81,8.53,1.00,-1,-1,-1
1361,3,250.00,294.89,8.90,4.50,0.86,-1,-1,-1
1361,64,161.29,283.03,11.25,4.00,0.80,-1,-1,-1
1361,80,139.50,270.22,16.03,6.04,0.71,-1,-1,-1
1361,56,156.82,279.95,14.67,5.45,0.49,-1,-1,-1
1381,2,306.02,119.17,24.60,9.57,1.00,-1,-1,-1
1381,3,228.10,297.22,8.02,3.99,0.92,-1,-1,-1
1381,64,161.58,283.00,10.92,4.00,0.37,-1,-1,-1
1381,80,139.96,270.33,18.60,6.71,0.83,-1,-1,-1
1381,26,138.34,271.01,19.59,7.00,0.58,-1,-1,-1
1401,2,313.64,121.25,23.59,9.41,1.00,-1,-1,-1
1401,80,139.44,270.66,13.67,5.16,0.79,-1,-1,-1
1401,3,207.56,300.51,8.61,4.50,0.94,-1,-1,-1
1401,64,161.00,283.23,11.29,4.06,0.71,-1,-1,-1
1421,2,320.40,125.12,23.91,8.55,1.00,-1,-1,-1
1421,3,188.98,305.20,6.81,4.33,0.92,-1,-1,-1
1421,56,157.44,281.51,14.80,5.10,0.79,-1,-1,-1
1421,76,160.07,282.99,12.23,4.52,0.97,-1,-1,-1
1441,2,326.23,129.02,24.10,9.01,1.00,-1,-1,-1
1441,3,168.64,308.68,10.42,4.57,0.92,-1,-1,-1
1441,56,161.66,282.97,10.32,4.15,0.60,-1,-1,-1
1461,2,329.98,133.34,23.88,8.31,1.00,-1,-1,-1
1461,3,154.74,310.44,8.16,4.50,0.83,-1,-1,-1
1461,26,144.87,271.01,23.96,8.38,0.35,-1,-1,-1
1481,2,333.06,137.21,23.78,8.05,1.00,-1,-1,-1
1481,3,141.04,312.72,9.50,5.00,0.80,-1,-1,-1
1481,26,145.57,270.46,19.35,7.00,0.71,-1,-1,-1
1501,2,333.90,140.31,22.51,8.69,1.00,-1,-1,-1
1501,26,142.35,271.11,20.66,7.82,0.79,-1,-1,-1
1501,56,139.94,270.58,19.71,6.58,0.72,-1,-1,-1
1501,3,156.19,289.68,9.59,4.09,0.37,-1,-1,-1
1521,2,337.64,143.68,24.03,8.21,1.00,-1,-1,-1
1521,26,139.34,270.33,18.62,6.34,0.75,-1,-1,-1
1521,3,161.71,282.70,10.65,4.02,0.74,-1,-1,-1
1541,2,342.12,146.82,21.91,7.88,0.99,-1,-1,-1
1541,26,139.25,270.40,22.66,7.73,0.74,-1,-1,-1
1541,3,159.91,282.17,12.66,4.93,0.65,-1,-1,-1
1541,86,142.08,271.67,22.36,8.06,0.88,-1,-1,-1
1541,92,161.39,283.26,11.00,3.98,0.78,-1,-1,-1
1561,2,347.35,149.79,22.31,7.20,0.99,-1,-1,-1
1561,26,138.13,270.26,18.05,5.82,0.81,-1,-1,-1
1561,86,141.54,271.83,20.26,7.04,0.35,-1,-1,-1
1581,2,353.27,151.81,22.34,7.69,1.00,-1,-1,-1
1581,26,138.78,270.50,21.08,7.03,0.70,-1,-1,-1
1581,92,161.60,283.23,10.31,4.00,0.73,-1,-1,-1
1581,3,159.83,281.96,12.34,5.02,0.59,-1,-1,-1
1581,86,142.90,271.99,21.10,7.51,0.76,-1,-1,-1
1581,95,61.63,317.75,10.55,4.97,0.78,-1,-1,-1
1601,2,352.86,146.88,21.19,7.05,1.00,-1,-1,-1
1601,92,161.75,283.00,10.50,4.00,0.59,-1,-1,-1
1601,95,70.42,316.35,9.44,4.73,0.43,-1,-1,-1
1601,3,159.86,281.75,12.99,5.00,0.30,-1,-1,-1
1621,2,353.27,146.52,19.92,7.67,1.00,-1,-1,-1
1621,92,161.83,283.06,10.18,4.00,0.82,-1,-1,-1
1621,3,158.29,281.27,12.99,4.50,0.39,-1,-1,-1
1641,2,344.12,147.11,22.53,7.81,0.99,-1,-1,-1
1641,92,161.99,283.16,10.19,4.00,0.62,-1,-1,-1
1661,2,320.01,147.80,20.78,7.87,0.99,-1,-1,-1
1661,92,161.74,283.00,10.41,4.00,0.71,-1,-1,-1
1661,95,133.60,306.94,9.51,4.84,0.98,-1,-1,-1
1681,2,301.55,137.39,20.36,7.69,1.00,-1,-1,-1
1681,92,151.81,277.56,17.34,6.49,0.56,-1,-1,-1
1681,95,153.05,304.54,8.43,4.34,0.98,-1,-1,-1
1681,26,139.86,270.35,22.61,7.40,0.74,-1,-1,-1
1681,86,142.50,271.70,22.18,8.26,0.90,-1,-1,-1
1701,2,297.73,111.11,21.51,7.44,1.00,-1,-1,-1
1701,95,172.29,301.88,8.11,4.40,0.93,-1,-1,-1
1701,26,139.32,269.98,22.13,8.02,0.93,-1,-1,-1
1701,3,163.51,287.18,10.21,4.97,0.37,-1,-1,-1
1701,97,147.23,274.41,20.94,7.91,0.53,-1,-1,-1
1721,2,296.39,109.77,20.79,10.09,1.00,-1,-1,-1
1721,95,191.20,298.01,7.71,4.50,0.89,-1,-1,-1
1721,26,139.28,269.72,15.65,5.43,0.54,-1,-1,-1
1721,97,161.33,283.28,10.30,3.99,0.74,-1,-1,-1
1721,3,159.29,281.91,13.37,5.00,0.31,-1,-1,-1
1741,2,290.63,117.85,20.72,8.31,1.00,-1,-1,-1
1741,26,139.91,269.98,23.90,7.55,0.72,-1,-1,-1
1741,97,161.44,283.51,10.49,4.00,0.53,-1,-1,-1
1741,95,210.19,293.91,8.32,4.51,0.92,-1,-1,-1
1741,101,141.70,271.24,22.95,8.06,0.86,-1,-1,-1
1741,3,158.96,281.73,13.07,5.00,0.33,-1,-1,-1
1761,2,281.30,127.50,19.63,7.63,1.00,-1,-1,-1
1761,95,228.25,285.31,8.50,4.27,0.77,-1,-1,-1
1761,26,136.72,269.27,22.96,8.06,0.86,-1,-1,-1
1761,101,141.04,272.22,23.21,8.19,0.58,-1,-1,-1
1761,97,159.63,282.79,11.89,4.45,0.93,-1,-1,-1
1761,3,156.19,280.94,16.31,5.86,0.73,-1,-1,-1
1761,103,509.25,163.38,5.75,3.50,0.92,-1,-1,-1
1781,2,273.11,136.26,17.96,6.99,1.00,-1,-1,-1
1781,26,138.30,270.66,24.73,9.04,0.49,-1,-1,-1
1781,101,142.29,272.18,22.63,8.05,0.77,-1,-1,-1
1781,97,161.02,283.25,11.31,4.00,0.61,-1,-1,-1
1781,3,217.04,282.03,12.37,4.05,0.75,-1,-1,-1
1801,2,264.91,143.71,18.32,6.81,1.00,-1,-1,-1
1801,101,141.84,273.04,25.52,8.65,0.50,-1,-1,-1
1801,97,161.05,283.25,10.83,4.00,0.64,-1,-1,-1
1801,26,135.95,269.27,27.54,10.64,0.99,-1,-1,-1
1801,95,261.75,272.40,9.09,4.53,0.89,-1,-1,-1
1821,2,258.30,150.38,17.81,6.21,0.99,-1,-1,-1
1821,97,160.44,282.93,11.62,4.14,0.85,-1,-1,-1
1821,26,137.93,270.00,23.85,8.67,0.84,-1,-1,-1
1821,95,278.32,272.85,8.12,4.38,0.98,-1,-1,-1
1821,108,141.79,272.31,22.71,7.81,0.91,-1,-1,-1
1821,3,155.15,280.60,16.32,5.79,0.33,-1,-1,-1
1841,2,254.45,159.98,16.86,5.77,1.00,-1,-1,-1
1841,26,137.85,269.79,24.72,8.91,0.95,-1,-1,-1
1841,95,290.57,271.92,7.40,3.99,0.92,-1,-1,-1
1841,97,161.20,283.03,11.22,4.02,0.40,-1,-1,-1
1861,2,255.86,177.22,16.99,6.17,1.00,-1,-1,-1
1861,26,137.53,269.77,24.65,8.96,0.93,-1,-1,-1
1861,95,303.18,270.89,7.70,4.19,0.83,-1,-1,-1
1861,97,161.13,283.23,10.77,4.00,0.44,-1,-1,-1
1881,2,257.03,196.78,17.95,5.98,0.99,-1,-1,-1
1881,26,136.60,269.83,25.35,8.84,0.95,-1,-1,-1
1881,97,161.12,283.26,10.72,4.00,0.67,-1,-1,-1
1881,95,317.22,271.86,9.62,4.98,0.88,-1,-1,-1
1881,3,158.45,281.82,13.42,4.85,0.42,-1,-1,-1
1901,2,257.02,215.44,19.35,5.69,1.00,-1,-1,-1
1901,26,135.69,269.55,26.28,9.41,0.97,-1,-1,-1
1901,95,334.11,273.21,11.40,5.44,0.97,-1,-1,-1
1901,97,161.23,283.04,10.78,4.00,0.36,-1,-1,-1
1921,2,257.20,222.04,19.04,6.17,0.99,-1,-1,-1
1921,26,137.52,270.18,24.84,8.54,0.93,-1,-1,-1
1921,95,349.03,275.19,13.48,5.46,0.88,-1,-1,-1
1921,97,161.40,283.25,10.50,4.00,0.52,-1,-1,-1
1941,2,252.15,222.96,17.89,5.87,1.00,-1,-1,-1
1941,26,136.79,269.84,25.69,9.34,0.96,-1,-1,-1
1941,95,372.48,275.31,11.55,5.66,0.95,-1,-1,-1
1941,97,161.23,283.25,10.77,4.00,0.50,-1,-1,-1
1941,101,142.36,273.46,23.09,7.61,0.35,-1,-1,-1
1961,2,238.44,223.94,16.48,5.97,1.00,-1,-1,-1
1961,26,136.98,270.08,26.04,9.18,0.94,-1,-1,-1
1961,95,394.36,273.60,10.63,5.00,0.98,-1,-1,-1
1961,97,161.14,283.23,10.97,4.00,0.60,-1,-1,-1
1961,101,144.30,273.72,22.47,7.50,0.35,-1,-1,-1
1981,2,227.37,227.35,17.76,5.24,0.99,-1,-1,-1
1981,26,138.07,270.51,23.80,8.16,0.87,-1,-1,-1
1981,97,160.87,283.25,11.00,4.00,0.74,-1,-1,-1
1981,3,158.25,281.78,13.69,5.00,0.53,-1,-1,-1
1981,101,146.02,274.54,21.14,7.03,0.32,-1,-1,-1
1981,113,140.25,271.50,23.75,8.00,0.94,-1,-1,-1
2001,2,230.28,243.43,14.41,4.72,0.99,-1,-1,-1
2001,26,138.37,270.35,23.35,8.49,0.93,-1,-1,-1
2001,3,159.13,281.98,13.19,4.69,0.55,-1,-1,-1
2001,95,437.27,268.05,10.69,5.51,0.97,-1,-1,-1
2001,97,161.29,283.08,11.00,4.00,0.75,-1,-1,-1
2001,114,141.12,271.50,22.25,8.00,0.91,-1,-1,-1
2021,26,136.65,269.64,25.93,9.20,0.97,-1,-1,-1
2021,95,455.62,265.70,9.34,4.98,0.97,-1,-1,-1
2021,97,161.59,283.25,10.65,4.00,0.74,-1,-1,-1
2021,88,143.69,273.39,22.91,7.50,0.34,-1,-1,-1
2041,26,136.85,269.75,25.73,9.00,0.98,-1,-1,-1
2041,97,161.51,283.25,10.46,4.00,0.87,-1,-1,-1
2041,95,475.22,263.26,11.33,5.39,0.96,-1,-1,-1
2041,3,158.84,281.92,13.24,5.00,0.52,-1,-1,-1
2061,26,136.75,269.75,25.72,9.00,0.98,-1,-1,-1
2061,97,161.53,283.25,10.52,4.00,0.74,-1,-1,-1
2061,95,486.38,263.74,12.51,5.64,0.93,-1,-1,-1
2061,88,143.36,273.00,22.75,7.50,0.33,-1,-1,-1
2081,26,136.11,269.66,26.77,9.18,0.98,-1,-1,-1
2081,97,161.38,283.25,10.50,4.00,0.79,-1,-1,-1
2081,95,486.71,265.27,11.86,5.83,0.99,-1,-1,-1
2081,88,143.01,273.00,23.50,8.01,0.33,-1,-1,-1
2081,3,157.81,281.48,14.02,5.03,0.34,-1,-1,-1
2101,26,136.26,269.27,26.97,9.95,0.97,-1,-1,-1
2101,97,161.39,283.25,10.48,4.00,0.78,-1,-1,-1
2101,95,473.88,267.09,9.58,4.89,0.95,-1,-1,-1
2101,3,158.05,281.51,13.89,5.00,0.35,-1,-1,-1
2121,26,137.48,270.01,25.56,8.99,0.95,-1,-1,-1
2121,97,161.53,283.25,10.44,4.00,0.72,-1,-1,-1
2121,2,314.77,254.35,17.32,5.46,0.94,-1,-1,-1
2121,3,158.48,281.69,13.49,5.00,0.36,-1,-1,-1
2121,95,460.46,268.26,10.43,5.00,0.71,-1,-1,-1
2131,26,136.58,269.72,25.59,8.46,0.72,-1,-1,-1
2131,97,161.46,283.25,10.59,4.00,0.72,-1,-1,-1
2131,2,323.86,253.76,14.87,4.89,0.95,-1,-1,-1
2131,3,158.48,281.75,13.57,5.00,0.38,-1,-1,-1
2131,95,458.91,267.49,10.81,4.99,0.96,-1,-1,-1
2131,88,139.24,270.79,24.75,8.58,0.94,-1,-1,-1
