1,1,407.50,41.44,20.50,7.19,1.00,-1,-1,-1
1,2,426.00,184.75,13.00,4.75,0.98,-1,-1,-1
1,3,44.59,271.25,11.75,5.50,0.97,-1,-1,-1
1,4,462.00,42.97,9.50,4.19,0.71,-1,-1,-1
21,1,405.49,30.17,23.57,8.41,1.00,-1,-1,-1
21,3,45.18,271.51,10.69,4.99,0.95,-1,-1,-1
21,4,462.27,42.64,9.96,4.39,0.91,-1,-1,-1
21,2,424.77,186.22,10.99,4.00,0.96,-1,-1,-1
21,5,326.00,222.12,14.00,4.50,0.88,-1,-1,-1
41,1,405.51,22.14,22.10,9.67,1.00,-1,-1,-1
41,3,45.28,271.50,10.50,5.00,0.91,-1,-1,-1
41,4,462.16,42.57,10.01,4.45,0.87,-1,-1,-1
61,1,423.29,26.38,19.14,9.02,0.99,-1,-1,-1
61,3,45.12,271.50,10.87,5.00,0.95,-1,-1,-1
61,4,461.66,42.76,9.96,4.38,0.53,-1,-1,-1
81,1,457.02,32.24,17.42,6.93,0.99,-1,-1,-1
81,3,44.88,271.49,11.34,5.52,0.96,-1,-1,-1
81,4,226.80,193.72,12.91,5.27,0.54,-1,-1,-1
101,1,488.36,38.77,21.44,7.14,0.99,-1,-1,-1
101,4,229.68,191.38,12.51,5.25,0.77,-1,-1,-1
101,5,222.99,191.37,13.32,5.78,0.82,-1,-1,-1
101,8,461.50,43.34,8.50,3.94,0.76,-1,-1,-1
121,1,509.08,44.68,20.54,8.08,1.00,-1,-1,-1
121,8,461.69,42.90,9.54,4.42,0.95,-1,-1,-1
121,3,44.71,271.29,11.54,5.52,0.96,-1,-1,-1
141,1,513.46,63.53,20.57,7.25,1.00,-1,-1,-1
141,8,461.52,43.09,9.50,4.22,0.54,-1,-1,-1
141,3,44.47,271.49,11.77,5.50,0.94,-1,-1,-1
141,2,438.26,197.97,10.89,4.93,0.78,-1,-1,-1
141,5,230.00,191.50,13.65,5.98,0.86,-1,-1,-1
141,4,228.25,191.73,12.68,5.25,0.61,-1,-1,-1
161,1,514.72,92.90,21.15,6.85,0.99,-1,-1,-1
161,8,461.49,42.99,10.01,4.37,0.64,-1,-1,-1
161,3,44.13,271.50,12.39,5.50,0.97,-1,-1,-1
161,10,230.58,191.46,13.50,5.71,0.82,-1,-1,-1
161,4,230.68,190.58,12.50,5.24,0.79,-1,-1,-1
181,1,517.90,105.75,20.31,6.42,1.00,-1,-1,-1
181,8,461.47,42.97,10.00,4.40,0.89,-1,-1,-1
181,3,44.55,271.47,11.59,5.50,0.95,-1,-1,-1
181,10,230.49,191.62,13.25,5.59,0.80,-1,-1,-1
181,4,230.32,190.76,12.34,5.02,0.53,-1,-1,-1
201,1,515.79,106.75,20.29,6.24,0.99,-1,-1,-1
201,8,461.47,42.95,10.00,4.44,0.94,-1,-1,-1
201,3,44.43,271.42,11.81,5.50,0.92,-1,-1,-1
201,10,230.43,191.73,13.26,5.57,0.77,-1,-1,-1
201,4,230.28,190.76,12.51,5.02,0.50,-1,-1,-1
201,11,400.57,190.72,12.41,3.76,0.95,-1,-1,-1
221,1,502.39,107.26,18.74,5.93,0.99,-1,-1,-1
221,8,461.76,42.86,9.48,4.33,0.92,-1,-1,-1
221,3,44.46,271.51,11.82,5.50,0.95,-1,-1,-1
221,10,230.60,192.33,13.85,5.75,0.63,-1,-1,-1
221,4,230.76,190.74,12.82,5.48,0.51,-1,-1,-1
221,11,390.83,189.29,12.84,3.68,0.98,-1,-1,-1
241,8,461.24,42.93,10.00,4.42,0.94,-1,-1,-1
241,3,44.45,271.50,11.98,5.51,0.93,-1,-1,-1
241,10,230.28,192.22,14.09,5.84,0.71,-1,-1,-1
241,4,230.55,190.80,13.00,5.57,0.62,-1,-1,-1
241,11,385.90,188.64,12.97,3.59,0.98,-1,-1,-1
241,1,472.92,106.08,22.66,9.16,0.98,-1,-1,-1
241,2,246.07,217.89,13.33,4.27,0.32,-1,-1,-1
261,8,461.76,42.88,9.49,4.33,0.86,-1,-1,-1
261,3,44.09,271.25,12.40,5.50,0.95,-1,-1,-1
261,10,230.17,191.65,14.16,6.07,0.81,-1,-1,-1
261,4,230.36,190.38,13.10,5.59,0.77,-1,-1,-1
261,11,378.60,187.89,13.05,3.69,0.99,-1,-1,-1
261,1,454.54,109.34,22.84,7.34,0.99,-1,-1,-1
281,8,461.75,42.86,9.50,4.42,0.87,-1,-1,-1
281,3,44.26,271.25,12.21,5.50,0.93,-1,-1,-1
281,10,230.05,191.83,14.62,6.25,0.78,-1,-1,-1
281,4,230.38,190.47,13.44,5.84,0.71,-1,-1,-1
281,11,368.06,188.08,11.68,3.34,0.99,-1,-1,-1
281,1,440.82,118.61,21.29,6.08,1.00,-1,-1,-1
301,8,461.59,42.84,10.01,4.44,0.93,-1,-1,-1
301,3,44.26,271.50,12.35,5.50,0.91,-1,-1,-1
301,10,229.87,191.83,15.07,6.48,0.82,-1,-1,-1
301,4,230.04,190.61,13.90,6.17,0.73,-1,-1,-1
301,11,363.78,190.23,12.33,3.27,0.98,-1,-1,-1
301,1,442.36,142.95,20.98,5.69,1.00,-1,-1,-1
321,8,461.50,42.86,10.00,4.40,0.93,-1,-1,-1
321,3,44.43,271.50,12.07,5.50,0.89,-1,-1,-1
321,10,229.80,191.99,14.89,6.50,0.83,-1,-1,-1
321,4,230.12,190.74,13.66,6.00,0.73,-1,-1,-1
321,11,362.72,190.18,12.74,3.51,0.98,-1,-1,-1
321,1,443.08,153.66,20.79,5.92,1.00,-1,-1,-1
341,8,461.58,42.79,10.00,4.44,0.90,-1,-1,-1
341,3,44.58,271.50,11.90,5.50,0.89,-1,-1,-1
341,10,230.03,191.65,14.69,6.42,0.80,-1,-1,-1
341,4,230.29,190.53,13.42,5.92,0.71,-1,-1,-1
341,11,359.12,190.36,12.23,3.22,0.98,-1,-1,-1
341,1,434.83,155.20,23.10,5.47,0.99,-1,-1,-1
361,8,461.53,42.84,10.00,4.38,0.93,-1,-1,-1
361,3,44.66,271.50,11.82,5.50,0.84,-1,-1,-1
361,10,230.03,191.40,14.17,6.19,0.83,-1,-1,-1
361,4,230.26,190.46,13.18,5.74,0.77,-1,-1,-1
361,11,353.53,190.14,12.42,3.67,0.98,-1,-1,-1
361,1,421.12,156.93,21.89,6.09,0.99,-1,-1,-1
381,8,461.47,42.86,10.00,4.37,0.95,-1,-1,-1
381,3,44.61,271.50,11.84,5.50,0.90,-1,-1,-1
381,10,230.10,192.01,14.73,6.25,0.81,-1,-1,-1
381,4,230.35,190.87,13.48,5.75,0.72,-1,-1,-1
381,11,347.13,189.37,12.15,3.50,0.98,-1,-1,-1
381,1,418.43,169.01,18.09,5.71,0.99,-1,-1,-1
401,8,461.50,42.88,10.00,4.38,0.95,-1,-1,-1
401,3,44.60,271.50,11.83,5.50,0.89,-1,-1,-1
401,10,230.29,191.59,13.99,5.99,0.81,-1,-1,-1
401,4,230.47,190.74,12.99,5.47,0.74,-1,-1,-1
401,11,339.51,188.52,12.07,3.75,0.98,-1,-1,-1
401,1,414.04,175.12,21.99,5.92,0.98,-1,-1,-1
421,8,461.50,42.92,10.00,4.39,0.94,-1,-1,-1
421,3,44.35,271.50,12.21,5.50,0.94,-1,-1,-1
421,4,230.30,190.75,13.32,5.98,0.66,-1,-1,-1
421,11,330.60,188.75,12.48,4.26,0.97,-1,-1,-1
421,1,399.27,176.17,22.51,5.65,0.99,-1,-1,-1
421,10,230.13,192.35,14.57,6.25,0.78,-1,-1,-1
441,8,461.50,42.88,10.00,4.40,0.93,-1,-1,-1
441,3,44.23,271.50,12.31,5.50,0.90,-1,-1,-1
441,4,230.29,190.50,13.18,5.74,0.71,-1,-1,-1
441,11,324.51,188.63,12.54,4.25,0.97,-1,-1,-1
441,1,377.52,177.16,21.50,5.74,1.00,-1,-1,-1
441,10,230.12,191.84,14.26,6.19,0.78,-1,-1,-1
461,8,461.50,42.81,10.00,4.44,0.94,-1,-1,-1
461,3,44.11,271.49,12.61,5.52,0.89,-1,-1,-1
461,4,230.38,190.74,13.42,5.75,0.61,-1,-1,-1
461,1,352.37,174.12,22.92,6.00,0.99,-1,-1,-1
461,10,230.25,192.03,14.41,6.00,0.73,-1,-1,-1
481,8,461.50,42.83,10.00,4.42,0.95,-1,-1,-1
481,3,44.19,271.27,12.61,5.96,0.89,-1,-1,-1
481,4,230.55,190.74,13.19,5.67,0.60,-1,-1,-1
481,1,333.93,170.72,23.87,7.19,1.00,-1,-1,-1
481,10,230.32,192.25,14.25,5.94,0.73,-1,-1,-1
501,8,461.34,42.94,10.00,4.36,0.95,-1,-1,-1
501,3,44.16,271.41,12.46,5.68,0.88,-1,-1,-1
501,4,230.67,190.70,12.82,5.50,0.61,-1,-1,-1
501,1,314.15,169.19,24.89,5.58,1.00,-1,-1,-1
501,10,230.38,192.23,13.72,5.84,0.70,-1,-1,-1
521,8,461.44,42.96,9.62,4.40,0.94,-1,-1,-1
521,3,44.33,271.50,12.19,5.50,0.94,-1,-1,-1
521,4,230.87,190.82,12.70,5.36,0.48,-1,-1,-1
521,1,298.41,164.72,23.60,6.21,0.99,-1,-1,-1
521,10,230.44,192.39,13.87,5.84,0.55,-1,-1,-1
541,8,461.41,42.89,9.68,4.40,0.95,-1,-1,-1
541,3,44.25,271.50,12.17,5.50,0.93,-1,-1,-1
541,4,230.47,190.87,12.81,5.75,0.63,-1,-1,-1
541,1,282.08,155.83,23.40,6.54,0.99,-1,-1,-1
541,10,230.26,192.33,13.56,6.00,0.75,-1,-1,-1
541,11,313.70,192.90,13.02,4.26,0.98,-1,-1,-1
561,8,461.41,42.92,10.01,4.44,0.95,-1,-1,-1
561,3,44.29,271.50,12.22,5.50,0.94,-1,-1,-1
561,4,230.62,190.91,12.84,5.76,0.67,-1,-1,-1
561,1,267.41,143.01,22.35,6.91,1.00,-1,-1,-1
561,10,230.38,192.31,13.65,6.00,0.77,-1,-1,-1
581,8,461.50,42.94,9.51,4.44,0.94,-1,-1,-1
581,3,44.38,271.50,12.06,5.50,0.92,-1,-1,-1
581,4,230.63,191.00,12.75,5.75,0.57,-1,-1,-1
581,1,254.77,127.06,22.93,6.78,1.00,-1,-1,-1
581,10,230.37,192.54,13.60,6.00,0.70,-1,-1,-1
601,8,461.50,42.85,10.01,4.43,0.95,-1,-1,-1
601,3,44.18,271.44,12.37,5.63,0.94,-1,-1,-1
601,4,230.74,190.71,12.86,5.52,0.62,-1,-1,-1
601,1,243.20,104.47,23.06,7.21,1.00,-1,-1,-1
601,10,230.36,192.30,13.89,5.87,0.71,-1,-1,-1
621,8,461.24,42.88,10.00,4.38,0.95,-1,-1,-1
621,3,44.31,271.50,12.15,5.50,0.94,-1,-1,-1
621,4,230.91,190.58,12.68,5.33,0.53,-1,-1,-1
621,1,232.71,80.53,22.42,7.84,1.00,-1,-1,-1
621,10,230.37,192.61,14.16,5.77,0.59,-1,-1,-1
641,8,461.25,42.91,10.00,4.37,0.96,-1,-1,-1
641,3,44.40,271.50,11.94,5.50,0.96,-1,-1,-1
641,4,230.96,190.67,12.33,5.24,0.62,-1,-1,-1
641,1,224.75,54.80,23.13,8.88,1.00,-1,-1,-1
641,10,230.50,192.30,13.51,5.75,0.69,-1,-1,-1
661,8,461.25,42.87,10.00,4.42,0.96,-1,-1,-1
661,3,44.22,271.50,12.03,5.50,0.94,-1,-1,-1
661,4,230.79,190.78,12.50,5.27,0.62,-1,-1,-1
661,1,224.35,26.16,23.11,9.92,1.00,-1,-1,-1
661,10,230.29,192.25,13.74,5.75,0.69,-1,-1,-1
681,8,461.24,42.87,10.00,4.44,0.96,-1,-1,-1
681,3,44.27,271.28,12.30,5.94,0.94,-1,-1,-1
681,4,230.78,190.79,12.50,5.24,0.66,-1,-1,-1
681,1,227.53,22.12,23.53,9.90,1.00,-1,-1,-1
681,10,230.41,192.25,13.50,5.75,0.73,-1,-1,-1
701,8,461.50,42.78,10.00,4.50,0.96,-1,-1,-1
701,3,44.21,271.25,12.41,5.99,0.96,-1,-1,-1
701,4,230.94,190.66,12.50,5.25,0.57,-1,-1,-1
701,1,249.98,25.48,21.68,10.40,1.00,-1,-1,-1
701,10,230.52,191.94,13.84,5.75,0.63,-1,-1,-1
701,11,314.80,197.50,12.50,3.76,0.66,-1,-1,-1
721,8,461.50,42.79,10.00,4.50,0.95,-1,-1,-1
721,3,44.12,271.25,12.70,6.00,0.96,-1,-1,-1
721,4,230.70,190.88,12.96,5.47,0.51,-1,-1,-1
721,1,277.95,30.01,22.61,9.13,1.00,-1,-1,-1
721,10,230.20,192.56,14.47,5.91,0.64,-1,-1,-1
741,8,461.75,42.77,9.50,4.48,0.94,-1,-1,-1
741,3,44.29,271.42,12.33,5.67,0.95,-1,-1,-1
741,1,283.65,32.54,21.09,9.79,1.00,-1,-1,-1
741,10,230.33,192.92,14.34,5.83,0.55,-1,-1,-1
741,4,230.84,190.88,12.83,5.33,0.37,-1,-1,-1
761,8,461.81,42.92,10.00,4.26,0.92,-1,-1,-1
761,3,44.65,271.41,11.93,5.67,0.90,-1,-1,-1
761,1,279.67,41.58,21.04,8.05,1.00,-1,-1,-1
761,10,230.60,192.08,12.94,5.41,0.73,-1,-1,-1
761,4,230.98,190.69,12.14,5.16,0.66,-1,-1,-1
761,11,321.37,181.33,13.08,4.30,0.96,-1,-1,-1
781,8,461.67,42.80,10.00,4.40,0.96,-1,-1,-1
781,3,44.48,271.25,12.42,6.01,0.94,-1,-1,-1
781,1,277.17,45.14,20.24,9.95,1.00,-1,-1,-1
781,10,230.34,191.51,13.33,5.75,0.80,-1,-1,-1
781,4,230.71,190.53,12.34,5.25,0.76,-1,-1,-1
781,11,327.31,176.64,11.01,3.92,0.38,-1,-1,-1
801,8,461.76,42.77,9.99,4.41,0.95,-1,-1,-1
801,3,44.43,271.47,12.22,5.56,0.92,-1,-1,-1
801,1,305.30,50.82,20.96,9.28,0.99,-1,-1,-1
801,10,230.37,192.07,13.76,5.75,0.73,-1,-1,-1
801,4,230.75,190.51,12.50,5.48,0.66,-1,-1,-1
801,11,331.38,169.56,13.18,4.51,1.00,-1,-1,-1
821,8,461.82,42.78,10.00,4.36,0.94,-1,-1,-1
821,3,44.38,271.50,12.08,5.50,0.93,-1,-1,-1
821,1,338.01,56.49,20.92,8.15,1.00,-1,-1,-1
821,10,230.17,191.86,13.75,6.00,0.78,-1,-1,-1
821,4,230.50,190.72,12.75,5.50,0.71,-1,-1,-1
821,11,334.53,168.41,13.32,4.05,0.99,-1,-1,-1
841,8,461.76,42.79,10.00,4.36,0.95,-1,-1,-1
841,3,44.48,271.41,12.02,5.68,0.91,-1,-1,-1
841,1,342.30,72.84,20.69,6.97,1.00,-1,-1,-1
841,10,230.22,191.66,13.85,6.00,0.79,-1,-1,-1
841,4,230.58,190.77,12.84,5.50,0.72,-1,-1,-1
841,11,334.60,186.17,13.26,3.77,0.98,-1,-1,-1
861,8,461.76,42.80,9.94,4.35,0.91,-1,-1,-1
861,3,44.58,271.50,12.14,5.50,0.87,-1,-1,-1
861,1,340.79,80.50,19.04,7.42,1.00,-1,-1,-1
861,10,230.47,192.41,13.49,5.75,0.71,-1,-1,-1
861,4,230.88,190.74,12.50,5.50,0.62,-1,-1,-1
861,11,331.94,187.94,14.78,3.74,0.98,-1,-1,-1
881,8,462.14,42.77,9.67,4.27,0.86,-1,-1,-1
881,3,44.40,271.25,12.43,6.01,0.87,-1,-1,-1
881,1,349.99,81.47,19.59,7.51,1.00,-1,-1,-1
881,10,230.28,192.13,13.66,6.00,0.79,-1,-1,-1
881,4,230.66,190.74,12.66,5.50,0.72,-1,-1,-1
881,11,340.69,187.40,12.00,3.75,0.99,-1,-1,-1
901,8,462.02,42.75,9.96,4.31,0.82,-1,-1,-1
901,3,44.35,271.25,12.45,6.00,0.86,-1,-1,-1
901,1,373.99,83.76,21.02,6.96,0.99,-1,-1,-1
901,10,230.12,191.89,14.01,6.00,0.79,-1,-1,-1
901,4,230.50,190.75,13.01,5.50,0.71,-1,-1,-1
901,11,352.21,183.14,12.71,3.42,0.98,-1,-1,-1
921,8,462.25,42.78,9.49,4.31,0.81,-1,-1,-1
921,3,44.37,271.25,12.44,6.00,0.92,-1,-1,-1
921,1,386.85,81.68,20.43,6.91,1.00,-1,-1,-1
921,10,230.25,191.63,13.74,5.98,0.79,-1,-1,-1
921,4,230.68,190.37,12.56,5.50,0.75,-1,-1,-1
921,11,360.87,178.87,12.91,3.92,0.99,-1,-1,-1
941,8,462.06,42.81,9.50,4.25,0.71,-1,-1,-1
941,3,44.41,271.51,12.19,5.49,0.93,-1,-1,-1
941,1,387.25,77.49,19.80,6.75,0.99,-1,-1,-1
941,10,230.40,191.76,13.33,5.78,0.79,-1,-1,-1
941,4,230.70,190.44,12.50,5.50,0.75,-1,-1,-1
941,11,366.87,175.84,13.73,3.92,0.99,-1,-1,-1
961,8,462.26,42.77,9.50,4.29,0.76,-1,-1,-1
961,3,44.42,271.50,11.91,5.50,0.91,-1,-1,-1
961,1,387.26,76.20,20.87,6.74,0.99,-1,-1,-1
961,10,230.42,192.11,13.17,5.75,0.77,-1,-1,-1
961,4,230.80,190.51,12.25,5.32,0.74,-1,-1,-1
961,11,370.92,173.68,13.23,4.01,0.99,-1,-1,-1
981,8,461.83,42.89,9.50,4.45,0.87,-1,-1,-1
981,3,44.10,271.34,12.41,5.55,0.95,-1,-1,-1
981,1,397.91,77.30,20.31,7.16,1.00,-1,-1,-1
981,11,371.52,173.04,14.46,4.03,0.99,-1,-1,-1
1001,3,44.39,271.25,12.17,5.50,0.95,-1,-1,-1
1001,1,411.45,79.67,20.38,6.47,1.00,-1,-1,-1
1001,11,375.57,171.49,14.52,4.23,0.99,-1,-1,-1
1001,8,461.33,43.09,9.50,4.32,0.70,-1,-1,-1
1021,3,44.14,271.83,12.29,6.02,0.97,-1,-1,-1
1021,1,414.86,92.38,20.75,6.28,0.99,-1,-1,-1
1021,11,377.86,171.92,13.53,4.46,1.00,-1,-1,-1
1021,8,463.01,42.65,9.06,4.21,0.36,-1,-1,-1
1021,10,229.96,193.55,16.12,6.82,0.74,-1,-1,-1
1041,3,44.04,271.09,12.49,5.84,0.96,-1,-1,-1
1041,1,414.13,110.53,21.03,6.35,1.00,-1,-1,-1
1041,11,366.36,174.29,14.37,4.25,0.99,-1,-1,-1
1041,8,462.46,42.48,9.45,4.22,0.65,-1,-1,-1
1041,10,229.85,192.94,14.63,6.26,0.74,-1,-1,-1
1041,4,230.14,191.11,13.58,5.75,0.53,-1,-1,-1
1061,3,44.10,271.24,12.78,6.00,0.89,-1,-1,-1
1061,1,414.52,135.84,20.19,6.00,1.00,-1,-1,-1
1061,11,350.32,176.11,13.77,4.19,0.99,-1,-1,-1
1061,8,462.73,42.72,9.50,4.20,0.85,-1,-1,-1
1061,10,229.63,191.68,14.91,6.65,0.88,-1,-1,-1
1061,4,229.56,190.83,14.03,5.90,0.53,-1,-1,-1
1081,3,44.21,271.50,12.60,6.00,0.78,-1,-1,-1
1081,1,414.29,154.92,20.38,5.62,1.00,-1,-1,-1
1081,11,343.66,177.01,13.41,3.82,0.99,-1,-1,-1
1081,8,462.73,42.64,9.56,4.17,0.82,-1,-1,-1
1081,10,229.74,191.10,14.07,6.33,0.90,-1,-1,-1
1101,3,44.15,271.52,12.66,5.96,0.78,-1,-1,-1
1101,1,417.98,154.56,21.03,5.39,1.00,-1,-1,-1
1101,11,335.56,175.75,14.28,4.70,0.99,-1,-1,-1
1101,8,462.66,42.63,9.68,4.28,0.89,-1,-1,-1
1101,10,229.75,191.66,14.34,6.50,0.85,-1,-1,-1
1101,4,229.65,190.70,13.43,5.75,0.49,-1,-1,-1
1121,3,44.08,271.33,12.58,5.89,0.92,-1,-1,-1
1121,1,428.76,154.98,20.27,5.47,0.99,-1,-1,-1
1121,11,320.93,173.58,12.93,4.38,0.98,-1,-1,-1
1121,8,462.10,42.70,10.01,4.40,0.83,-1,-1,-1
1121,10,230.25,191.95,13.92,6.08,0.73,-1,-1,-1
1121,4,230.37,190.71,13.01,5.66,0.65,-1,-1,-1
1141,3,44.00,271.24,12.58,5.49,0.97,-1,-1,-1
1141,1,433.34,154.26,19.21,5.41,1.00,-1,-1,-1
1141,11,302.29,172.80,14.64,3.79,0.98,-1,-1,-1
1141,8,462.01,42.87,10.00,4.35,0.74,-1,-1,-1
1141,10,230.00,191.78,13.93,6.25,0.82,-1,-1,-1
1141,4,230.27,190.63,12.92,5.91,0.75,-1,-1,-1
1161,3,44.31,271.16,12.54,6.00,0.95,-1,-1,-1
1161,1,433.40,143.65,22.13,6.31,1.00,-1,-1,-1
1161,11,283.47,170.75,14.34,4.16,1.00,-1,-1,-1
1161,8,461.52,42.91,10.00,4.44,0.78,-1,-1,-1
1161,10,230.99,191.55,13.99,5.75,0.44,-1,-1,-1
1161,4,231.38,190.29,12.53,5.26,0.48,-1,-1,-1
1181,3,44.39,271.25,12.32,5.50,0.95,-1,-1,-1
1181,1,432.97,129.32,19.43,6.33,1.00,-1,-1,-1
1181,11,277.46,171.04,13.08,3.74,0.99,-1,-1,-1
1181,8,461.50,42.87,10.00,4.40,0.85,-1,-1,-1
1181,4,231.27,190.11,12.56,5.24,0.44,-1,-1,-1
1181,10,230.77,192.24,14.50,5.75,0.40,-1,-1,-1
1201,3,44.40,271.25,12.21,5.50,0.94,-1,-1,-1
1201,1,432.59,119.38,21.07,6.36,1.00,-1,-1,-1
1201,11,276.53,170.92,13.28,3.94,0.99,-1,-1,-1
1201,8,461.57,42.91,9.88,4.32,0.91,-1,-1,-1
1221,3,44.40,271.25,12.10,5.50,0.94,-1,-1,-1
1221,1,428.98,119.70,20.20,6.29,1.00,-1,-1,-1
1221,11,268.37,169.98,14.39,4.34,1.00,-1,-1,-1
1221,8,461.34,42.90,10.00,4.48,0.91,-1,-1,-1
1241,3,43.70,271.31,12.64,5.60,0.94,-1,-1,-1
1241,1,412.87,118.85,20.15,6.42,1.00,-1,-1,-1
1241,11,251.60,169.87,14.06,4.23,1.00,-1,-1,-1
1241,8,461.50,42.83,10.00,4.46,0.94,-1,-1,-1
1261,1,389.93,117.53,21.81,6.07,0.99,-1,-1,-1
1261,8,461.50,42.93,10.00,4.37,0.89,-1,-1,-1
1261,3,44.41,271.22,12.79,6.03,0.94,-1,-1,-1
1281,1,367.27,115.98,19.62,6.51,0.99,-1,-1,-1
1281,8,461.50,42.89,10.34,4.36,0.96,-1,-1,-1
1281,3,44.73,271.28,11.34,5.44,0.94,-1,-1,-1
1281,11,198.75,172.85,14.09,4.02,0.99,-1,-1,-1
1301,1,345.54,115.02,20.32,6.00,1.00,-1,-1,-1
1301,8,462.03,42.87,10.07,4.22,0.91,-1,-1,-1
1301,3,44.69,271.26,11.71,5.50,0.87,-1,-1,-1
1301,11,169.28,177.74,14.75,4.81,0.99,-1,-1,-1
1321,1,329.31,116.68,21.07,6.27,0.99,-1,-1,-1
1321,8,461.99,42.76,9.99,4.33,0.92,-1,-1,-1
1321,3,44.63,271.50,12.08,5.50,0.93,-1,-1,-1
1321,11,139.22,182.45,17.64,5.23,0.96,-1,-1,-1
1341,1,325.88,127.70,22.07,6.16,1.00,-1,-1,-1
1341,8,461.93,42.61,10.45,4.43,0.96,-1,-1,-1
1341,3,44.85,271.50,11.35,5.50,0.88,-1,-1,-1
1341,11,126.95,185.70,18.05,4.99,0.98,-1,-1,-1
1361,1,327.41,141.68,20.08,6.35,1.00,-1,-1,-1
1361,8,462.06,42.66,10.33,4.37,0.94,-1,-1,-1
1361,3,44.89,271.50,11.96,5.50,0.82,-1,-1,-1
1381,1,326.36,149.79,21.93,6.38,0.99,-1,-1,-1
1381,8,462.01,42.66,10.49,4.38,0.94,-1,-1,-1
1381,11,130.95,235.06,9.17,4.68,0.94,-1,-1,-1
1381,3,44.78,271.50,12.05,5.50,0.94,-1,-1,-1
1401,1,315.29,149.73,21.33,6.25,0.99,-1,-1,-1
1401,8,462.44,42.63,9.99,4.25,0.93,-1,-1,-1
1401,3,44.72,271.50,11.69,5.50,0.87,-1,-1,-1
1401,4,232.16,189.49,11.94,4.50,0.56,-1,-1,-1
1421,1,293.00,149.33,22.54,6.39,0.99,-1,-1,-1
1421,8,462.00,42.65,10.51,4.35,0.94,-1,-1,-1
1421,3,44.78,271.44,12.11,5.63,0.81,-1,-1,-1
1421,4,232.11,189.43,11.91,4.67,0.52,-1,-1,-1
1441,1,285.80,149.79,21.19,6.33,1.00,-1,-1,-1
1441,8,462.00,42.76,10.04,4.32,0.88,-1,-1,-1
1461,1,284.44,150.01,20.59,6.46,1.00,-1,-1,-1
1461,8,462.23,42.75,10.04,4.21,0.84,-1,-1,-1
1461,4,231.43,189.42,12.07,4.75,0.65,-1,-1,-1
1461,3,44.80,271.38,11.82,5.55,0.78,-1,-1,-1
1481,1,277.14,150.04,20.81,6.46,0.99,-1,-1,-1
1481,8,462.49,42.72,10.00,4.18,0.90,-1,-1,-1
1481,4,232.03,189.58,11.51,4.52,0.73,-1,-1,-1
1481,3,44.65,271.25,12.32,6.01,0.75,-1,-1,-1
1501,1,256.75,149.93,20.75,6.10,0.99,-1,-1,-1
1501,8,462.25,42.65,10.00,4.33,0.96,-1,-1,-1
1501,4,231.80,189.54,12.16,4.83,0.57,-1,-1,-1
1501,3,44.46,271.17,12.47,5.82,0.91,-1,-1,-1
1501,10,231.14,190.24,13.98,5.48,0.51,-1,-1,-1
1521,1,228.64,148.97,21.92,5.57,0.99,-1,-1,-1
1521,8,462.00,42.72,10.51,4.38,0.94,-1,-1,-1
1521,3,44.62,271.50,11.78,5.50,0.90,-1,-1,-1
1541,8,462.00,42.65,10.50,4.32,0.96,-1,-1,-1
1541,3,44.54,271.25,12.13,5.50,0.94,-1,-1,-1
1541,1,200.40,146.82,18.17,7.47,0.99,-1,-1,-1
1561,8,462.28,42.68,9.99,4.25,0.96,-1,-1,-1
1561,3,44.72,271.25,11.55,5.50,0.93,-1,-1,-1
1561,1,191.67,163.69,21.16,5.96,0.99,-1,-1,-1
1581,8,462.25,42.71,9.99,4.31,0.97,-1,-1,-1
1581,3,44.84,271.41,11.54,5.50,0.96,-1,-1,-1
1581,1,189.90,192.85,20.31,5.93,0.99,-1,-1,-1
1581,4,232.56,189.62,9.87,3.77,0.41,-1,-1,-1
1581,11,232.45,251.61,14.84,6.20,0.79,-1,-1,-1
1601,8,462.16,42.75,10.00,4.25,0.97,-1,-1,-1
1601,3,44.73,271.25,11.60,5.50,0.92,-1,-1,-1
1601,4,231.98,189.46,11.79,4.51,0.79,-1,-1,-1
1601,11,250.42,251.10,11.22,5.21,0.97,-1,-1,-1
1621,8,462.26,42.71,9.99,4.31,0.96,-1,-1,-1
1621,3,44.81,271.51,11.74,5.50,0.91,-1,-1,-1
1621,4,231.87,189.50,11.75,4.73,0.65,-1,-1,-1
1621,10,231.12,190.26,13.73,5.23,0.31,-1,-1,-1
1641,8,462.00,42.74,9.99,4.27,0.97,-1,-1,-1
1641,3,44.77,271.50,11.91,5.50,0.92,-1,-1,-1
1641,4,232.49,189.26,11.25,4.50,0.64,-1,-1,-1
1641,1,165.94,202.12,19.41,5.41,0.99,-1,-1,-1
1641,10,231.92,190.02,12.59,4.77,0.32,-1,-1,-1
1641,11,289.66,249.83,10.37,4.78,0.97,-1,-1,-1
1661,8,462.07,42.74,10.02,4.25,0.96,-1,-1,-1
1661,3,44.67,271.50,12.03,5.50,0.92,-1,-1,-1
1661,1,165.65,185.95,22.24,5.78,0.99,-1,-1,-1
1661,11,307.80,249.44,14.09,5.73,0.99,-1,-1,-1
1681,8,462.03,42.78,10.00,4.31,0.95,-1,-1,-1
1681,3,44.72,271.25,11.69,5.50,0.92,-1,-1,-1
1681,1,166.98,169.64,19.84,6.16,0.99,-1,-1,-1
1681,11,330.30,248.76,13.67,5.10,0.99,-1,-1,-1
1681,10,231.88,190.12,12.99,5.00,0.40,-1,-1,-1
1681,4,232.19,189.39,11.75,4.50,0.45,-1,-1,-1
1701,8,462.06,42.79,10.00,4.25,0.95,-1,-1,-1
1701,3,44.65,271.25,11.90,5.50,0.89,-1,-1,-1
1701,1,167.49,151.63,21.75,6.38,1.00,-1,-1,-1
1701,11,349.44,247.21,16.65,6.03,0.98,-1,-1,-1
1701,4,231.78,189.61,12.20,4.76,0.31,-1,-1,-1
1721,8,462.00,42.85,10.00,4.19,0.94,-1,-1,-1
1721,3,44.58,271.25,12.08,5.50,0.84,-1,-1,-1
1721,1,169.71,136.36,21.85,6.17,1.00,-1,-1,-1
1721,11,373.46,246.80,16.77,5.74,0.97,-1,-1,-1
1721,4,231.73,189.71,12.70,5.01,0.36,-1,-1,-1
1721,10,231.28,191.03,15.32,5.70,0.32,-1,-1,-1
1741,8,462.00,42.82,10.00,4.25,0.95,-1,-1,-1
1741,3,44.84,271.25,11.41,5.50,0.71,-1,-1,-1
1741,1,170.34,125.50,22.03,6.57,0.99,-1,-1,-1
1741,11,400.51,246.23,18.33,6.55,0.98,-1,-1,-1
1741,4,231.92,189.48,12.41,4.75,0.45,-1,-1,-1
1741,10,231.50,190.87,15.01,5.51,0.33,-1,-1,-1
1761,8,461.98,42.83,10.00,4.24,0.94,-1,-1,-1
1761,3,44.57,271.25,11.88,5.50,0.90,-1,-1,-1
1761,1,183.10,115.04,16.45,7.31,0.99,-1,-1,-1
1761,11,441.15,244.95,16.97,5.71,0.98,-1,-1,-1
1761,4,232.05,189.62,11.65,4.49,0.43,-1,-1,-1
1761,10,231.75,190.37,12.91,4.74,0.38,-1,-1,-1
1781,8,461.83,42.92,9.88,4.31,0.94,-1,-1,-1
1781,3,44.59,271.25,12.06,5.49,0.92,-1,-1,-1
1781,1,213.11,108.40,20.41,6.67,0.99,-1,-1,-1
1781,11,482.70,243.30,16.87,5.14,0.99,-1,-1,-1
1781,10,230.74,190.73,13.48,5.25,0.37,-1,-1,-1
1801,8,461.95,42.81,10.00,4.34,0.93,-1,-1,-1
1801,3,44.60,271.42,12.04,5.50,0.90,-1,-1,-1
1801,1,249.37,103.25,20.72,7.79,1.00,-1,-1,-1
1801,11,523.05,240.85,17.20,6.76,1.00,-1,-1,-1
1801,10,230.29,192.00,14.25,5.75,0.59,-1,-1,-1
1801,4,230.85,190.38,12.74,5.25,0.58,-1,-1,-1
1821,8,461.85,42.90,9.61,4.29,0.89,-1,-1,-1
1821,3,44.44,271.43,12.32,5.64,0.83,-1,-1,-1
1821,1,259.35,90.38,20.58,7.34,1.00,-1,-1,-1
1821,11,561.58,238.58,16.11,5.82,0.99,-1,-1,-1
1821,23,257.00,201.12,14.00,4.00,0.85,-1,-1,-1
1841,3,43.94,271.25,13.04,6.00,0.91,-1,-1,-1
1841,1,257.69,74.83,20.42,7.43,1.00,-1,-1,-1
1841,11,587.53,235.02,15.66,6.16,0.99,-1,-1,-1
1841,25,255.25,200.16,15.74,4.51,0.58,-1,-1,-1
1861,3,43.84,271.25,13.37,6.00,0.85,-1,-1,-1
1861,1,257.16,59.88,19.62,7.72,1.00,-1,-1,-1
1861,11,593.04,226.71,16.90,5.28,0.99,-1,-1,-1
1861,25,255.01,200.26,15.96,4.24,0.54,-1,-1,-1
1881,3,43.74,271.09,13.54,6.33,0.89,-1,-1,-1
1881,1,257.74,47.94,19.26,9.39,1.00,-1,-1,-1
1881,11,592.33,225.46,17.38,5.76,1.00,-1,-1,-1
1881,25,255.29,200.25,15.85,4.50,0.73,-1,-1,-1
1901,3,44.00,271.09,13.11,6.33,0.73,-1,-1,-1
1901,1,287.28,50.45,19.71,12.06,1.00,-1,-1,-1
1901,11,590.06,223.39,16.08,5.86,0.99,-1,-1,-1
1901,43,201.13,214.38,18.94,5.47,0.83,-1,-1,-1
1901,8,462.05,42.62,9.26,4.25,0.92,-1,-1,-1
1921,1,350.23,61.10,20.48,7.56,1.00,-1,-1,-1
1921,11,587.35,207.94,12.37,5.15,0.97,-1,-1,-1
1921,3,43.72,271.25,13.57,6.00,0.95,-1,-1,-1
1921,48,248.25,200.75,17.00,5.25,0.77,-1,-1,-1
1921,25,250.32,199.75,15.82,4.78,0.39,-1,-1,-1
1921,43,243.82,215.82,14.96,5.66,0.73,-1,-1,-1
1941,1,385.93,74.77,18.90,7.17,1.00,-1,-1,-1
1941,3,43.52,271.25,13.59,6.00,0.92,-1,-1,-1
1941,25,254.25,200.30,15.98,4.46,0.68,-1,-1,-1
1941,8,463.34,42.56,10.34,4.42,0.62,-1,-1,-1
1941,11,585.17,197.96,15.27,6.35,0.97,-1,-1,-1
1961,1,387.75,93.67,19.60,6.24,0.99,-1,-1,-1
1961,3,43.88,271.24,12.78,5.50,0.96,-1,-1,-1
1961,11,575.27,198.99,15.62,6.05,0.92,-1,-1,-1
1961,8,462.34,42.60,10.04,4.41,0.97,-1,-1,-1
1961,25,254.97,200.16,16.06,4.50,0.57,-1,-1,-1
1981,1,386.50,109.28,19.20,6.30,0.99,-1,-1,-1
1981,3,43.35,270.99,14.09,6.52,0.85,-1,-1,-1
1981,8,463.80,42.23,9.47,4.24,0.83,-1,-1,-1
1981,11,570.58,215.23,17.82,5.78,0.99,-1,-1,-1
2001,1,393.48,108.71,20.28,6.50,0.99,-1,-1,-1
2001,3,43.84,271.48,12.97,5.71,0.86,-1,-1,-1
2001,8,463.71,42.16,10.15,4.35,0.91,-1,-1,-1
2001,11,569.78,233.14,17.69,6.18,1.00,-1,-1,-1
2001,44,321.43,195.26,28.73,6.78,0.87,-1,-1,-1
2021,1,415.48,109.68,20.70,6.96,1.00,-1,-1,-1
2021,3,44.03,271.07,12.63,6.00,0.92,-1,-1,-1
2021,11,569.41,231.77,16.10,6.07,0.99,-1,-1,-1
2021,8,462.90,42.57,9.58,4.33,0.94,-1,-1,-1
2021,44,328.41,190.96,29.16,7.00,0.74,-1,-1,-1
2021,25,254.76,200.24,15.84,4.50,0.72,-1,-1,-1
2041,1,453.45,112.71,18.82,6.10,1.00,-1,-1,-1
2041,11,566.28,230.42,16.65,6.32,0.97,-1,-1,-1
2061,1,493.83,114.98,18.29,6.72,0.98,-1,-1,-1
2061,11,561.62,229.99,15.98,6.24,0.98,-1,-1,-1
2061,3,44.07,271.29,12.30,6.04,0.82,-1,-1,-1
2081,1,506.28,115.20,18.21,5.61,0.98,-1,-1,-1
2081,11,559.91,229.95,17.76,6.40,0.98,-1,-1,-1
2081,3,44.09,271.56,12.24,6.03,0.93,-1,-1,-1
2081,8,462.76,42.38,11.19,4.50,0.90,-1,-1,-1
2081,25,254.74,200.13,16.00,4.50,0.54,-1,-1,-1
2101,1,509.01,110.38,15.35,5.08,0.97,-1,-1,-1
2101,11,560.96,229.95,17.08,6.25,0.97,-1,-1,-1
2101,3,44.18,271.24,11.99,5.49,0.96,-1,-1,-1
2101,8,463.29,42.34,10.23,4.33,0.75,-1,-1,-1
2121,1,505.84,103.07,15.71,5.33,0.97,-1,-1,-1
2121,11,561.10,229.24,17.92,6.66,0.98,-1,-1,-1
2121,3,44.51,271.50,11.84,5.50,0.96,-1,-1,-1
2121,25,255.82,200.06,15.09,4.39,0.37,-1,-1,-1
2141,1,505.79,97.18,17.13,5.51,0.99,-1,-1,-1
2141,11,550.06,229.80,18.38,6.51,0.97,-1,-1,-1
2141,3,44.21,271.63,13.61,6.02,0.74,-1,-1,-1
2141,25,255.56,200.04,17.32,4.98,0.99,-1,-1,-1
2161,1,505.86,97.46,18.21,5.86,0.99,-1,-1,-1
2161,11,528.72,231.50,17.58,6.26,0.99,-1,-1,-1
2161,3,44.27,271.18,12.45,5.63,0.96,-1,-1,-1
2161,44,233.17,188.62,18.28,6.72,0.51,-1,-1,-1
2161,8,461.81,42.87,10.01,4.31,0.89,-1,-1,-1
2161,4,457.96,46.02,10.03,4.19,0.36,-1,-1,-1
