1,1,328.00,111.94,6.00,3.38,0.98,-1,-1,-1
1,2,342.25,151.00,6.00,3.25,0.93,-1,-1,-1
21,1,326.73,111.65,6.85,3.60,0.98,-1,-1,-1
21,2,336.68,150.98,7.26,3.81,0.97,-1,-1,-1
41,1,328.28,111.59,5.82,3.30,0.98,-1,-1,-1
41,2,329.04,151.57,7.22,3.42,0.97,-1,-1,-1
61,1,327.71,110.38,6.30,4.12,0.98,-1,-1,-1
61,2,325.10,152.45,7.34,3.52,0.96,-1,-1,-1
81,1,328.34,111.15,4.83,3.33,0.95,-1,-1,-1
81,2,329.35,153.46,6.57,4.54,0.99,-1,-1,-1
101,1,327.53,111.47,7.03,3.19,0.98,-1,-1,-1
101,2,344.72,155.88,7.14,3.73,0.99,-1,-1,-1
121,1,326.12,111.72,6.92,3.67,0.98,-1,-1,-1
121,2,365.96,159.29,7.16,3.38,0.98,-1,-1,-1
141,1,325.51,111.95,6.34,3.09,0.97,-1,-1,-1
141,2,396.39,161.87,6.56,3.78,0.98,-1,-1,-1
161,1,326.00,111.59,5.77,3.75,0.96,-1,-1,-1
161,2,424.23,161.21,5.77,3.52,0.98,-1,-1,-1
181,1,326.87,112.08,6.76,3.50,0.99,-1,-1,-1
181,2,431.17,144.05,5.74,3.21,0.95,-1,-1,-1
201,1,328.36,111.80,4.14,3.21,0.59,-1,-1,-1
201,2,427.22,123.11,6.76,3.50,0.98,-1,-1,-1
221,1,325.19,111.49,7.13,3.58,0.98,-1,-1,-1
221,2,431.30,111.60,6.08,3.70,0.98,-1,-1,-1
241,1,321.27,110.96,5.62,3.27,0.97,-1,-1,-1
241,2,444.79,112.19,7.79,3.77,0.98,-1,-1,-1
261,1,316.24,104.53,7.46,4.10,0.98,-1,-1,-1
261,2,473.18,115.54,6.68,3.55,0.99,-1,-1,-1
281,1,314.47,99.18,4.93,3.61,0.96,-1,-1,-1
281,2,513.04,113.00,7.83,4.18,0.98,-1,-1,-1
301,1,309.92,96.63,6.55,3.52,0.98,-1,-1,-1
301,2,556.88,96.07,6.04,3.07,0.87,-1,-1,-1
321,1,301.00,97.77,7.09,4.75,0.99,-1,-1,-1
321,2,568.35,92.93,5.11,3.73,0.94,-1,-1,-1
341,1,297.80,104.74,5.38,3.47,0.96,-1,-1,-1
341,2,544.78,90.88,7.21,3.68,0.98,-1,-1,-1
361,1,296.78,113.01,6.53,3.68,0.99,-1,-1,-1
361,2,504.09,84.07,8.17,3.75,0.97,-1,-1,-1
381,1,296.78,122.52,6.82,3.80,0.99,-1,-1,-1
381,2,481.29,69.02,7.77,4.47,0.98,-1,-1,-1
401,1,293.75,127.82,7.36,3.05,0.98,-1,-1,-1
401,2,475.46,59.88,7.32,3.61,0.97,-1,-1,-1
421,1,289.32,124.09,6.74,4.17,0.99,-1,-1,-1
421,2,456.29,57.84,6.75,3.92,0.97,-1,-1,-1
441,1,285.48,117.42,6.64,4.36,0.97,-1,-1,-1
441,2,413.83,52.08,8.04,4.04,0.95,-1,-1,-1
461,1,285.11,111.06,6.78,3.75,0.97,-1,-1,-1
461,2,354.18,44.73,7.30,4.24,0.97,-1,-1,-1
481,1,285.14,102.74,6.37,4.36,0.96,-1,-1,-1
481,2,279.61,35.79,6.78,4.06,0.98,-1,-1,-1
501,1,284.97,93.31,6.89,4.76,0.98,-1,-1,-1
501,2,211.24,28.84,7.85,5.34,0.98,-1,-1,-1
521,1,286.13,83.30,7.06,4.02,0.99,-1,-1,-1
521,2,164.04,41.54,7.69,4.42,0.98,-1,-1,-1
541,1,287.72,72.88,5.56,4.22,0.98,-1,-1,-1
541,2,138.99,56.96,7.36,4.52,0.98,-1,-1,-1
561,1,288.27,61.65,5.54,4.40,0.96,-1,-1,-1
561,2,131.84,78.28,7.63,5.35,0.98,-1,-1,-1
581,1,289.16,44.90,6.70,4.65,0.98,-1,-1,-1
581,2,143.86,91.70,7.20,3.69,0.99,-1,-1,-1
601,1,289.39,31.25,6.64,3.90,0.98,-1,-1,-1
601,2,176.04,96.15,6.55,3.98,0.99,-1,-1,-1
621,1,288.73,27.84,6.18,4.07,0.98,-1,-1,-1
621,2,223.25,101.69,6.38,4.65,0.96,-1,-1,-1
641,1,285.00,27.36,7.38,3.75,0.98,-1,-1,-1
641,2,280.63,106.77,6.50,3.71,0.99,-1,-1,-1
661,1,281.92,27.02,7.15,4.16,0.99,-1,-1,-1
661,2,346.74,110.96,8.17,3.89,0.97,-1,-1,-1
681,1,277.79,33.08,7.54,4.68,0.99,-1,-1,-1
681,2,392.00,108.70,4.34,3.16,0.90,-1,-1,-1
701,1,274.59,41.34,6.43,4.22,0.97,-1,-1,-1
701,2,395.68,96.80,7.30,4.38,0.96,-1,-1,-1
721,1,271.37,48.81,6.34,4.60,0.99,-1,-1,-1
721,2,399.68,94.31,7.28,4.24,0.98,-1,-1,-1
741,1,268.08,56.96,7.44,4.52,0.98,-1,-1,-1
741,2,411.22,94.32,7.50,4.07,0.97,-1,-1,-1
761,1,266.25,66.79,6.17,4.00,0.83,-1,-1,-1
761,2,428.93,96.93,6.93,3.75,0.99,-1,-1,-1
781,1,263.85,76.55,6.32,4.61,0.99,-1,-1,-1
781,2,447.60,110.70,4.81,3.27,0.92,-1,-1,-1
801,1,260.20,88.03,7.54,4.22,0.97,-1,-1,-1
801,2,452.80,135.82,6.48,3.69,0.93,-1,-1,-1
821,1,256.78,98.85,6.86,4.69,0.99,-1,-1,-1
821,2,452.73,159.62,6.74,4.03,0.96,-1,-1,-1
841,1,254.03,111.05,7.67,4.14,0.99,-1,-1,-1
841,2,454.81,164.48,7.03,3.64,0.98,-1,-1,-1
861,1,252.99,124.75,6.87,3.52,0.98,-1,-1,-1
861,2,466.57,166.00,5.41,3.02,0.88,-1,-1,-1
881,1,250.35,136.19,6.03,3.33,0.95,-1,-1,-1
881,2,485.14,166.88,6.95,4.18,0.92,-1,-1,-1
901,1,246.38,134.31,6.53,3.97,0.98,-1,-1,-1
901,2,509.64,170.39,8.52,3.64,0.99,-1,-1,-1
921,1,238.02,124.45,6.73,4.07,0.98,-1,-1,-1
921,2,536.39,171.21,7.80,3.97,0.99,-1,-1,-1
941,1,228.90,114.71,7.61,4.29,0.99,-1,-1,-1
941,2,539.15,161.30,6.90,3.67,0.97,-1,-1,-1
961,1,222.02,107.35,7.60,3.92,0.99,-1,-1,-1
961,2,535.91,141.74,5.07,4.07,0.91,-1,-1,-1
981,1,213.90,100.11,7.71,4.12,0.98,-1,-1,-1
981,2,535.81,119.50,4.37,3.33,0.83,-1,-1,-1
1001,1,207.44,93.22,6.36,4.02,0.98,-1,-1,-1
1001,2,536.68,97.20,6.05,3.83,0.99,-1,-1,-1
1021,1,200.62,87.11,6.40,3.69,0.97,-1,-1,-1
1021,2,543.64,88.01,4.24,2.93,0.56,-1,-1,-1
1041,1,193.63,80.37,7.83,4.29,0.99,-1,-1,-1
1041,2,556.99,68.88,5.98,3.40,0.89,-1,-1,-1
1061,1,187.45,74.27,6.70,4.17,0.99,-1,-1,-1
1061,2,575.92,37.20,8.30,5.29,0.96,-1,-1,-1
1081,1,180.82,67.57,7.63,4.67,0.98,-1,-1,-1
1081,2,581.45,18.84,7.33,5.03,0.94,-1,-1,-1
1101,1,174.42,62.19,7.73,4.40,0.98,-1,-1,-1
1101,2,578.32,13.50,7.50,5.27,0.95,-1,-1,-1
1121,1,168.70,57.00,7.08,4.16,0.99,-1,-1,-1
1121,2,574.17,12.51,7.16,4.75,0.92,-1,-1,-1
1141,1,157.10,54.87,8.08,4.43,0.98,-1,-1,-1
1141,2,571.73,12.53,8.41,4.50,0.94,-1,-1,-1
1161,1,143.62,63.18,7.05,4.72,0.99,-1,-1,-1
1161,2,570.13,13.13,9.79,5.00,0.97,-1,-1,-1
1181,1,130.77,72.11,8.20,4.41,0.98,-1,-1,-1
1181,2,566.77,17.00,8.87,5.08,0.99,-1,-1,-1
1201,1,120.28,69.29,7.37,4.70,0.99,-1,-1,-1
1201,2,562.47,19.61,8.89,5.01,0.95,-1,-1,-1
1221,1,107.09,51.19,7.90,4.74,0.99,-1,-1,-1
1221,2,560.80,18.37,9.12,5.51,0.97,-1,-1,-1
1241,1,95.08,37.01,7.17,5.36,0.98,-1,-1,-1
1241,2,565.08,16.68,11.74,5.75,1.00,-1,-1,-1
1261,1,84.42,34.50,7.69,5.24,0.98,-1,-1,-1
1261,2,571.34,10.70,9.79,6.10,0.98,-1,-1,-1
1281,1,82.58,34.60,7.39,5.69,0.99,-1,-1,-1
1281,2,577.00,0.51,7.19,4.85,0.83,-1,-1,-1
1301,1,92.76,37.03,7.96,5.55,0.98,-1,-1,-1
1321,1,105.09,43.51,7.75,4.74,0.99,-1,-1,-1
1341,1,107.13,67.36,8.25,4.35,0.99,-1,-1,-1
1361,1,107.30,71.85,8.44,5.30,0.99,-1,-1,-1
1381,1,119.60,72.06,7.52,4.12,0.99,-1,-1,-1
1401,1,123.04,67.46,8.11,4.44,0.99,-1,-1,-1
1421,1,121.32,66.59,7.85,4.45,0.99,-1,-1,-1
1421,2,565.30,0.53,9.44,4.29,0.98,-1,-1,-1
1441,1,120.62,67.88,7.39,4.26,0.99,-1,-1,-1
1441,2,552.69,21.56,9.85,6.03,0.97,-1,-1,-1
1461,1,120.70,67.95,7.63,4.49,0.99,-1,-1,-1
1461,2,539.95,43.66,9.72,4.88,0.99,-1,-1,-1
1481,1,121.33,67.72,7.34,5.35,0.99,-1,-1,-1
1481,2,530.93,63.08,6.68,3.71,0.92,-1,-1,-1
1501,1,129.34,69.37,6.69,5.06,0.97,-1,-1,-1
1501,2,525.32,69.27,8.91,4.61,0.97,-1,-1,-1
1521,1,143.14,72.67,7.27,4.93,0.99,-1,-1,-1
1521,2,518.89,69.58,7.84,4.36,0.97,-1,-1,-1
1541,1,160.46,76.22,6.31,4.77,0.99,-1,-1,-1
1541,2,501.50,68.58,7.70,4.44,0.96,-1,-1,-1
1561,1,175.96,80.31,7.39,4.48,0.99,-1,-1,-1
1561,2,480.31,68.13,8.06,4.46,0.98,-1,-1,-1
1581,1,191.18,84.37,7.37,3.65,0.99,-1,-1,-1
1581,2,459.56,87.31,6.85,4.02,0.96,-1,-1,-1
1601,1,206.47,87.80,6.35,3.84,0.97,-1,-1,-1
1601,2,438.51,106.91,6.53,4.09,0.98,-1,-1,-1
1621,1,220.26,90.18,7.53,4.63,0.99,-1,-1,-1
1621,2,417.21,115.99,7.41,3.81,0.98,-1,-1,-1
1641,1,234.73,94.04,6.71,4.48,0.98,-1,-1,-1
1641,2,395.60,123.09,7.64,3.85,0.98,-1,-1,-1
1661,1,249.75,97.91,7.45,4.36,0.99,-1,-1,-1
1661,2,375.62,132.62,7.56,4.28,0.98,-1,-1,-1
1681,1,266.33,101.39,6.61,4.79,0.97,-1,-1,-1
1681,2,353.91,138.97,7.03,4.02,0.98,-1,-1,-1
1701,1,275.87,104.61,8.01,3.68,0.97,-1,-1,-1
1701,2,335.48,139.69,7.87,3.57,0.99,-1,-1,-1
1701,9,396.25,92.94,6.50,5.62,0.79,-1,-1,-1
1721,1,278.14,109.36,6.08,3.82,0.96,-1,-1,-1
1721,2,318.98,139.14,8.78,3.99,0.99,-1,-1,-1
1721,15,179.75,24.86,4.50,3.06,0.75,-1,-1,-1
1741,1,274.99,113.23,7.99,4.06,0.98,-1,-1,-1
1741,2,304.15,139.47,7.63,3.58,0.99,-1,-1,-1
1761,1,275.76,112.43,7.27,3.36,0.98,-1,-1,-1
1761,2,290.35,138.84,8.79,3.98,0.99,-1,-1,-1
1781,1,280.24,108.23,6.67,3.39,0.99,-1,-1,-1
1781,2,278.23,137.19,8.65,4.54,0.99,-1,-1,-1
1801,1,286.36,101.21,8.55,4.24,0.98,-1,-1,-1
1801,2,268.92,133.03,9.17,4.72,0.99,-1,-1,-1
1821,1,292.18,95.60,7.63,4.12,0.98,-1,-1,-1
1821,2,261.77,128.53,8.47,4.05,0.99,-1,-1,-1
1841,1,290.21,91.28,8.18,3.85,0.99,-1,-1,-1
1841,2,254.82,121.83,7.17,4.22,0.99,-1,-1,-1
1861,1,285.00,87.64,8.43,4.16,0.99,-1,-1,-1
1861,2,246.76,112.88,5.76,3.39,0.93,-1,-1,-1
1881,1,277.66,83.78,8.44,4.22,0.99,-1,-1,-1
1881,2,237.19,106.25,8.40,5.52,0.99,-1,-1,-1
1881,17,42.97,92.80,4.01,2.24,0.53,-1,-1,-1
1901,1,270.91,80.05,7.75,5.21,0.99,-1,-1,-1
1901,2,234.00,121.62,7.53,4.24,0.99,-1,-1,-1
1921,1,262.01,77.20,7.24,4.14,0.97,-1,-1,-1
1921,2,237.81,130.02,7.21,3.89,0.98,-1,-1,-1
1941,1,243.19,69.64,8.51,5.71,0.99,-1,-1,-1
1941,2,237.72,118.84,6.69,3.28,0.96,-1,-1,-1
1941,17,64.77,96.86,4.17,2.60,0.58,-1,-1,-1
1961,1,232.81,66.55,7.82,4.91,0.99,-1,-1,-1
1961,2,236.81,117.01,6.86,4.25,0.97,-1,-1,-1
1961,17,71.93,97.96,4.75,2.91,0.46,-1,-1,-1
1981,1,232.21,65.85,8.69,5.64,1.00,-1,-1,-1
1981,2,235.64,123.82,5.35,3.16,0.95,-1,-1,-1
2001,1,232.94,66.81,8.01,4.45,0.99,-1,-1,-1
2001,2,233.05,135.36,5.57,3.28,0.95,-1,-1,-1
2021,1,232.00,67.26,7.26,4.75,0.99,-1,-1,-1
2021,2,229.75,138.88,7.42,3.67,0.95,-1,-1,-1
2021,17,92.14,101.59,5.09,2.78,0.72,-1,-1,-1
2041,1,232.45,67.86,7.87,4.74,0.99,-1,-1,-1
2041,2,228.20,139.35,5.99,3.03,0.95,-1,-1,-1
2041,17,97.80,103.06,5.34,2.96,0.55,-1,-1,-1
2061,1,231.02,67.78,8.05,5.28,0.99,-1,-1,-1
2061,2,227.45,133.11,7.05,4.16,0.96,-1,-1,-1
2081,1,227.89,68.13,8.50,4.06,0.98,-1,-1,-1
2081,2,228.13,127.94,6.75,3.41,0.96,-1,-1,-1
2101,1,216.86,65.63,8.14,4.49,0.99,-1,-1,-1
2101,2,227.90,122.23,5.45,3.09,0.93,-1,-1,-1
2101,17,118.83,106.53,6.21,3.65,0.34,-1,-1,-1
2121,1,203.45,62.76,8.17,4.88,0.98,-1,-1,-1
2121,2,226.45,120.19,7.76,4.14,0.98,-1,-1,-1
2141,1,191.91,61.22,8.16,5.10,0.99,-1,-1,-1
2141,2,223.06,127.59,7.15,3.64,0.98,-1,-1,-1
2141,17,132.81,108.86,4.49,2.38,0.81,-1,-1,-1
2161,1,181.36,60.19,8.19,5.06,0.99,-1,-1,-1
2161,2,220.18,137.96,5.46,3.66,0.93,-1,-1,-1
2161,17,139.35,109.59,4.00,2.88,0.59,-1,-1,-1
2181,1,173.27,58.96,8.47,5.01,0.99,-1,-1,-1
2181,17,145.88,111.20,3.52,2.55,0.47,-1,-1,-1
2181,2,217.75,135.80,4.82,3.29,0.86,-1,-1,-1
2190,1,170.79,58.12,8.47,5.19,0.99,-1,-1,-1
2190,2,217.74,131.99,4.69,2.81,0.91,-1,-1,-1
