1,1,321.50,115.38,6.50,3.12,0.98,-1,-1,-1
21,1,321.74,115.50,6.51,3.38,0.99,-1,-1,-1
41,1,322.45,115.26,6.25,3.39,0.98,-1,-1,-1
61,1,322.84,115.02,5.32,3.38,0.96,-1,-1,-1
81,1,322.78,114.31,6.99,3.83,0.98,-1,-1,-1
101,1,323.48,114.59,6.05,3.54,0.98,-1,-1,-1
121,1,321.48,114.56,5.53,3.52,0.98,-1,-1,-1
141,1,311.94,112.69,5.93,3.39,0.98,-1,-1,-1
161,1,299.90,104.53,7.15,3.89,0.96,-1,-1,-1
181,1,290.18,94.98,6.31,3.25,0.97,-1,-1,-1
201,1,278.31,92.79,5.87,4.34,0.96,-1,-1,-1
221,1,267.12,98.05,6.73,4.17,0.98,-1,-1,-1
241,1,257.99,100.11,6.04,3.04,0.98,-1,-1,-1
261,1,242.67,83.54,6.11,4.15,0.98,-1,-1,-1
281,1,241.20,66.12,5.69,3.18,0.98,-1,-1,-1
301,1,231.63,63.53,6.56,3.42,0.98,-1,-1,-1
321,1,216.72,69.18,6.42,4.82,0.98,-1,-1,-1
321,2,102.17,178.89,7.79,3.50,0.98,-1,-1,-1
341,1,202.09,71.72,6.75,3.69,0.98,-1,-1,-1
341,2,109.41,177.31,7.22,3.95,0.91,-1,-1,-1
361,1,195.26,50.27,6.58,5.46,0.97,-1,-1,-1
361,2,111.39,175.63,8.50,4.51,0.37,-1,-1,-1
381,1,195.80,34.33,6.40,5.49,0.96,-1,-1,-1
401,1,203.93,39.11,6.76,3.72,0.96,-1,-1,-1
421,1,205.48,48.58,7.51,4.27,0.99,-1,-1,-1
441,1,202.86,57.75,6.39,4.55,0.99,-1,-1,-1
441,2,144.72,144.25,8.09,4.31,0.99,-1,-1,-1
461,1,201.79,67.86,6.60,3.76,0.98,-1,-1,-1
461,2,154.03,131.70,10.05,4.63,0.99,-1,-1,-1
481,1,202.27,75.27,5.62,3.76,0.98,-1,-1,-1
481,2,165.65,119.45,9.29,4.63,0.99,-1,-1,-1
501,1,203.12,80.79,6.65,3.60,0.98,-1,-1,-1
501,2,177.27,117.45,9.97,4.95,0.99,-1,-1,-1
521,1,201.33,83.83,7.45,3.57,0.99,-1,-1,-1
521,2,183.51,116.59,9.34,4.50,0.99,-1,-1,-1
541,1,200.65,83.27,5.99,3.83,0.99,-1,-1,-1
541,2,184.75,114.77,9.26,5.81,0.99,-1,-1,-1
561,1,200.29,83.42,5.57,3.46,0.99,-1,-1,-1
561,2,194.08,116.38,9.55,4.87,0.99,-1,-1,-1
581,1,199.49,83.36,6.20,3.59,0.99,-1,-1,-1
581,2,205.79,116.28,8.78,5.03,0.99,-1,-1,-1
601,1,199.81,83.82,5.05,3.07,0.96,-1,-1,-1
601,2,216.59,116.70,9.14,5.79,0.98,-1,-1,-1
621,1,200.12,83.78,5.75,3.39,0.98,-1,-1,-1
621,2,232.42,118.17,8.70,5.35,0.98,-1,-1,-1
641,1,200.42,83.40,5.92,3.98,0.98,-1,-1,-1
641,2,252.37,120.14,8.95,5.31,0.99,-1,-1,-1
661,1,200.62,83.63,6.14,3.91,0.99,-1,-1,-1
661,2,277.25,123.98,7.97,4.78,0.99,-1,-1,-1
681,1,201.20,83.78,6.10,3.87,0.98,-1,-1,-1
681,2,308.42,128.25,9.56,5.62,1.00,-1,-1,-1
701,1,203.02,83.87,6.32,4.22,0.98,-1,-1,-1
701,2,349.02,133.68,9.18,5.20,0.98,-1,-1,-1
721,1,206.42,85.03,6.51,4.27,0.97,-1,-1,-1
721,2,393.11,139.81,8.77,4.09,0.99,-1,-1,-1
741,1,209.86,85.48,7.53,4.78,0.97,-1,-1,-1
741,2,440.28,145.20,7.77,4.24,0.99,-1,-1,-1
761,1,212.93,86.33,6.74,3.77,0.98,-1,-1,-1
761,2,488.65,136.87,7.89,4.12,0.99,-1,-1,-1
781,1,215.02,86.54,6.20,5.32,0.94,-1,-1,-1
781,2,509.29,117.35,8.70,4.08,0.97,-1,-1,-1
801,1,234.98,90.91,6.15,4.29,0.98,-1,-1,-1
801,2,509.56,98.09,8.33,3.86,0.99,-1,-1,-1
821,1,260.20,95.06,7.01,3.25,0.97,-1,-1,-1
821,2,509.37,84.43,6.78,3.88,0.96,-1,-1,-1
841,1,282.82,90.72,6.45,3.50,0.98,-1,-1,-1
841,2,504.79,73.92,7.20,4.10,0.98,-1,-1,-1
861,1,306.05,80.76,6.58,4.02,0.98,-1,-1,-1
861,2,500.08,71.76,9.18,4.49,0.97,-1,-1,-1
881,2,504.72,71.95,9.74,4.11,0.99,-1,-1,-1
881,1,330.93,70.66,7.00,5.56,0.98,-1,-1,-1
901,2,512.06,72.97,9.80,4.68,0.99,-1,-1,-1
901,1,364.68,66.27,7.96,5.28,0.99,-1,-1,-1
921,2,523.64,73.91,7.74,4.50,0.98,-1,-1,-1
921,1,399.72,68.75,6.60,4.44,0.97,-1,-1,-1
941,2,540.15,75.93,7.89,3.97,0.98,-1,-1,-1
941,1,417.03,69.34,7.79,4.97,0.96,-1,-1,-1
961,2,560.16,79.54,8.69,4.11,0.98,-1,-1,-1
961,1,414.86,67.35,7.94,3.82,0.99,-1,-1,-1
981,2,584.84,83.80,6.94,3.62,0.98,-1,-1,-1
981,1,406.73,64.03,7.45,4.63,0.99,-1,-1,-1
1001,2,606.71,87.09,7.22,4.01,0.96,-1,-1,-1
1001,1,404.32,64.20,7.55,3.89,0.98,-1,-1,-1
1021,2,624.35,89.89,7.13,4.19,0.90,-1,-1,-1
1021,1,404.23,65.92,7.96,4.44,0.99,-1,-1,-1
1041,1,402.67,68.71,7.89,5.16,0.98,-1,-1,-1
1041,2,263.74,176.65,6.50,3.50,0.40,-1,-1,-1
1061,1,402.65,69.50,8.02,4.63,0.98,-1,-1,-1
1061,2,274.89,174.00,6.18,3.50,0.39,-1,-1,-1
1081,1,403.15,71.76,7.22,4.33,0.88,-1,-1,-1
1081,2,275.58,173.82,6.17,3.50,0.30,-1,-1,-1
1101,1,403.23,74.29,6.87,4.04,0.98,-1,-1,-1
1101,2,275.74,173.54,6.00,3.50,0.32,-1,-1,-1
1121,1,403.06,75.54,7.55,3.39,0.98,-1,-1,-1
1121,2,275.75,173.62,6.01,3.25,0.50,-1,-1,-1
1141,1,402.22,75.02,7.58,3.95,0.98,-1,-1,-1
1141,2,275.75,173.63,6.00,3.51,0.37,-1,-1,-1
1141,3,632.15,107.75,5.71,3.39,0.50,-1,-1,-1
1161,1,402.59,74.33,7.36,4.34,0.98,-1,-1,-1
1161,2,276.00,173.75,5.67,3.50,0.56,-1,-1,-1
1161,3,627.53,73.32,5.89,3.78,0.40,-1,-1,-1
1181,1,403.00,74.23,7.35,4.46,0.98,-1,-1,-1
1181,2,275.77,173.75,5.96,3.50,0.41,-1,-1,-1
1181,3,624.60,52.85,6.03,3.42,0.91,-1,-1,-1
1201,1,402.76,74.49,7.33,4.41,0.98,-1,-1,-1
1201,2,275.75,173.75,6.00,3.50,0.40,-1,-1,-1
1201,3,620.82,26.49,5.77,3.63,0.57,-1,-1,-1
1221,1,403.04,75.49,7.68,4.34,0.99,-1,-1,-1
1221,3,615.92,11.91,5.98,3.50,0.70,-1,-1,-1
1241,1,404.34,78.52,6.97,4.08,0.97,-1,-1,-1
1241,3,607.72,11.17,5.92,3.41,0.49,-1,-1,-1
1261,1,404.69,79.20,7.69,4.12,0.98,-1,-1,-1
1261,2,275.97,173.86,6.02,3.50,0.59,-1,-1,-1
1261,3,593.73,9.13,5.70,3.93,0.32,-1,-1,-1
1281,1,404.06,81.14,8.09,4.02,0.99,-1,-1,-1
1281,2,275.76,173.87,6.50,3.50,0.34,-1,-1,-1
1281,3,582.17,10.11,5.97,3.73,0.78,-1,-1,-1
1301,1,403.63,84.75,7.33,4.03,0.95,-1,-1,-1
1301,3,577.62,11.06,5.27,3.76,0.92,-1,-1,-1
1321,1,403.08,87.98,7.54,4.22,0.97,-1,-1,-1
1321,3,572.88,11.13,6.11,3.89,0.63,-1,-1,-1
1341,1,401.87,85.70,8.39,4.96,0.99,-1,-1,-1
1341,3,569.47,11.59,6.00,3.65,0.83,-1,-1,-1
1361,1,402.05,84.98,7.34,4.43,0.97,-1,-1,-1
1361,3,568.42,10.59,5.20,3.98,0.77,-1,-1,-1
1381,1,401.81,85.09,7.61,5.03,0.97,-1,-1,-1
1401,1,401.49,85.63,6.85,4.53,0.95,-1,-1,-1
1401,3,534.67,9.99,6.83,4.45,0.89,-1,-1,-1
1401,2,275.75,173.74,6.50,3.50,0.32,-1,-1,-1
1421,1,400.23,84.95,6.14,5.01,0.96,-1,-1,-1
1421,2,275.75,173.75,6.51,3.50,0.33,-1,-1,-1
1421,3,505.44,10.64,6.75,4.06,0.91,-1,-1,-1
1441,1,398.76,85.34,7.56,4.35,0.98,-1,-1,-1
1441,3,478.81,11.08,6.68,4.22,0.96,-1,-1,-1
1461,1,397.96,85.07,7.67,4.14,0.98,-1,-1,-1
1461,3,455.39,11.65,6.97,3.84,0.96,-1,-1,-1
1461,2,275.73,173.80,6.50,3.50,0.38,-1,-1,-1
1481,1,397.72,84.78,7.01,4.43,0.98,-1,-1,-1
1481,3,435.75,11.60,6.55,4.19,0.96,-1,-1,-1
1481,2,275.75,173.80,6.50,3.50,0.40,-1,-1,-1
1501,1,397.83,84.93,6.80,4.02,0.97,-1,-1,-1
1501,3,420.23,12.50,5.90,4.04,0.91,-1,-1,-1
1521,1,398.20,85.10,7.98,4.09,0.98,-1,-1,-1
1521,2,275.49,173.58,6.00,3.50,0.53,-1,-1,-1
1521,3,405.67,13.53,6.42,4.56,0.84,-1,-1,-1
1541,1,398.67,85.22,7.48,3.82,0.97,-1,-1,-1
1541,2,275.50,173.63,6.00,3.50,0.50,-1,-1,-1
1541,3,396.36,15.43,6.33,3.92,0.92,-1,-1,-1
1561,1,398.59,85.26,7.45,4.61,0.96,-1,-1,-1
1561,2,275.33,173.62,6.33,3.50,0.43,-1,-1,-1
1561,3,385.23,16.86,7.08,4.49,0.98,-1,-1,-1
1581,1,398.51,85.57,6.81,3.59,0.97,-1,-1,-1
1581,3,348.30,23.51,6.51,3.83,0.90,-1,-1,-1
1601,1,391.01,83.99,7.46,4.28,0.99,-1,-1,-1
1601,3,323.67,38.01,6.75,4.87,0.97,-1,-1,-1
1601,2,275.75,173.62,6.00,3.50,0.31,-1,-1,-1
1621,1,383.48,81.32,7.00,4.12,0.99,-1,-1,-1
1621,3,316.64,61.86,6.33,4.52,0.95,-1,-1,-1
1641,1,376.12,79.44,7.32,3.96,0.99,-1,-1,-1
1641,3,317.39,82.94,6.66,3.93,0.98,-1,-1,-1
1641,2,275.50,173.63,6.50,3.50,0.34,-1,-1,-1
1661,1,369.34,76.74,7.40,4.51,0.99,-1,-1,-1
1661,3,318.88,104.80,6.82,3.53,0.98,-1,-1,-1
1681,1,364.35,74.16,7.58,4.60,0.99,-1,-1,-1
1681,3,316.72,105.96,8.01,4.23,0.99,-1,-1,-1
1701,1,360.25,72.47,7.06,4.69,0.99,-1,-1,-1
1701,3,324.16,105.18,7.07,4.04,0.97,-1,-1,-1
1701,2,275.75,173.74,6.50,3.50,0.40,-1,-1,-1
1721,1,355.93,71.45,8.19,4.39,0.97,-1,-1,-1
1721,3,338.81,106.55,5.82,3.55,0.97,-1,-1,-1
1741,1,353.02,69.93,8.00,4.93,0.97,-1,-1,-1
1741,3,355.66,104.28,7.28,4.00,0.95,-1,-1,-1
1761,1,350.14,68.98,8.32,4.57,0.98,-1,-1,-1
1761,3,377.53,102.00,7.41,4.44,0.97,-1,-1,-1
1761,2,275.75,173.62,6.50,3.50,0.39,-1,-1,-1
1781,1,348.77,68.39,7.88,4.74,0.98,-1,-1,-1
1781,3,403.85,101.35,6.02,3.53,0.85,-1,-1,-1
1801,1,349.26,68.05,7.64,4.57,0.98,-1,-1,-1
1801,3,433.88,99.13,6.41,3.47,0.98,-1,-1,-1
1801,2,275.49,173.53,6.33,3.50,0.30,-1,-1,-1
1821,1,349.17,67.25,7.44,4.56,0.99,-1,-1,-1
1821,3,449.07,97.85,6.00,3.88,0.98,-1,-1,-1
1821,2,275.50,173.50,6.00,3.50,0.32,-1,-1,-1
1841,1,348.13,66.77,7.54,4.23,0.98,-1,-1,-1
1841,3,448.22,91.49,5.98,3.45,0.98,-1,-1,-1
1861,1,346.98,65.96,7.69,4.73,0.99,-1,-1,-1
1861,3,443.59,73.56,5.41,3.85,0.52,-1,-1,-1
1861,2,275.51,173.62,6.50,3.50,0.32,-1,-1,-1
1881,1,345.48,65.13,7.17,4.43,0.99,-1,-1,-1
1881,3,438.23,44.56,6.11,3.65,0.96,-1,-1,-1
1881,2,275.50,173.63,6.50,3.50,0.33,-1,-1,-1
1901,1,344.32,64.16,6.69,4.37,0.99,-1,-1,-1
1901,3,432.22,4.51,10.67,5.61,0.98,-1,-1,-1
1921,1,339.85,61.36,7.76,5.29,0.98,-1,-1,-1
1941,1,333.21,59.91,7.68,4.46,0.99,-1,-1,-1
1961,1,327.17,58.69,8.28,4.50,0.99,-1,-1,-1
1961,2,275.50,173.65,6.50,3.50,0.35,-1,-1,-1
1981,1,322.10,57.20,8.37,5.06,0.99,-1,-1,-1
1981,2,275.50,173.63,6.50,3.50,0.32,-1,-1,-1
2001,1,317.73,55.62,7.81,4.84,0.99,-1,-1,-1
2021,1,311.82,54.05,7.33,4.89,0.98,-1,-1,-1
2021,2,275.75,173.63,6.50,3.75,0.40,-1,-1,-1
2041,1,306.58,52.32,8.36,4.94,0.98,-1,-1,-1
2041,2,275.75,173.62,6.50,3.75,0.44,-1,-1,-1
2041,3,465.18,13.25,12.76,6.49,0.99,-1,-1,-1
2061,1,303.28,51.31,7.39,4.40,0.99,-1,-1,-1
2061,2,275.75,173.76,6.50,3.50,0.39,-1,-1,-1
2061,3,468.37,46.21,11.38,5.72,0.99,-1,-1,-1
2081,1,300.25,49.94,8.42,5.32,0.99,-1,-1,-1
2081,2,275.75,173.80,5.98,3.50,0.52,-1,-1,-1
2081,3,471.60,78.31,11.57,5.85,0.99,-1,-1,-1
2101,1,297.92,49.89,8.39,4.92,0.99,-1,-1,-1
2101,2,275.66,173.69,6.00,3.44,0.45,-1,-1,-1
2101,3,471.76,97.96,11.98,6.89,0.99,-1,-1,-1
2121,1,296.05,49.52,8.62,4.76,0.99,-1,-1,-1
2121,2,275.66,173.66,6.00,3.44,0.44,-1,-1,-1
2121,3,466.69,110.17,12.45,7.85,1.00,-1,-1,-1
2141,1,294.75,48.43,7.99,5.38,0.99,-1,-1,-1
2141,2,275.33,173.66,6.33,3.50,0.34,-1,-1,-1
2141,3,461.46,137.69,10.86,6.86,1.00,-1,-1,-1
2161,1,293.38,48.35,8.27,4.99,0.99,-1,-1,-1
2161,3,455.61,172.35,8.72,5.63,0.99,-1,-1,-1
2161,2,275.50,173.66,6.00,3.50,0.36,-1,-1,-1
2181,1,292.00,47.54,8.96,5.20,0.99,-1,-1,-1
2181,3,452.90,197.61,6.84,4.68,0.98,-1,-1,-1
2181,2,275.57,173.75,6.33,3.50,0.32,-1,-1,-1
