1,1,145.12,215.88,16.00,7.25,1.00,-1,-1,-1
1,2,268.50,161.50,25.50,12.00,0.99,-1,-1,-1
21,1,144.32,216.40,15.81,8.15,1.00,-1,-1,-1
21,2,266.12,160.69,26.02,13.37,0.99,-1,-1,-1
41,1,143.49,216.43,15.60,7.04,1.00,-1,-1,-1
41,2,265.21,159.74,28.58,13.91,1.00,-1,-1,-1
61,1,142.56,216.36,16.08,6.94,1.00,-1,-1,-1
61,2,265.89,160.16,28.29,13.66,0.99,-1,-1,-1
81,1,142.92,215.99,15.69,6.96,1.00,-1,-1,-1
81,2,267.35,160.60,26.26,13.26,0.99,-1,-1,-1
101,1,143.91,215.42,15.74,6.89,1.00,-1,-1,-1
101,2,266.31,160.87,27.68,13.33,0.99,-1,-1,-1
121,1,144.09,209.71,15.74,8.43,1.00,-1,-1,-1
121,2,266.66,161.64,27.10,13.10,1.00,-1,-1,-1
141,1,143.75,200.88,16.15,8.00,1.00,-1,-1,-1
141,2,279.06,160.46,28.09,12.52,1.00,-1,-1,-1
161,1,145.48,156.59,17.29,9.07,1.00,-1,-1,-1
161,2,346.50,147.39,27.61,13.14,1.00,-1,-1,-1
181,1,148.22,116.99,17.00,8.42,0.99,-1,-1,-1
181,2,404.93,123.46,27.49,16.66,1.00,-1,-1,-1
201,1,149.41,83.26,16.40,9.14,0.99,-1,-1,-1
201,2,408.69,105.91,25.52,15.54,1.00,-1,-1,-1
221,1,152.08,73.67,15.11,9.70,1.00,-1,-1,-1
221,2,406.07,91.38,26.30,16.97,1.00,-1,-1,-1
241,1,153.41,74.60,15.31,9.73,0.99,-1,-1,-1
241,2,406.59,89.62,25.61,16.80,1.00,-1,-1,-1
261,1,153.09,82.16,14.53,9.54,0.99,-1,-1,-1
261,2,382.62,96.76,26.67,17.01,1.00,-1,-1,-1
281,1,151.77,121.54,15.98,9.20,1.00,-1,-1,-1
281,2,360.37,125.84,22.23,15.17,1.00,-1,-1,-1
301,1,147.19,171.05,17.98,8.71,0.99,-1,-1,-1
301,2,344.99,171.22,25.09,13.06,0.99,-1,-1,-1
321,1,147.30,226.62,17.36,8.46,0.99,-1,-1,-1
321,2,348.95,214.72,14.94,6.00,0.98,-1,-1,-1
341,1,144.26,240.88,16.61,6.54,1.00,-1,-1,-1
341,2,349.26,219.25,18.10,7.39,0.98,-1,-1,-1
361,1,136.46,230.43,15.60,8.37,1.00,-1,-1,-1
361,2,348.54,207.72,16.58,7.08,0.99,-1,-1,-1
381,1,131.14,249.24,19.21,8.26,1.00,-1,-1,-1
381,2,346.28,196.65,16.46,7.15,0.93,-1,-1,-1
401,1,130.48,231.65,20.12,7.78,1.00,-1,-1,-1
401,2,347.56,191.06,16.03,7.51,0.93,-1,-1,-1
421,1,135.26,184.00,16.05,8.04,1.00,-1,-1,-1
421,2,347.14,189.39,17.43,8.04,0.98,-1,-1,-1
441,1,138.17,138.04,18.41,9.12,0.99,-1,-1,-1
441,2,311.46,190.74,19.12,10.66,1.00,-1,-1,-1
461,1,141.76,106.95,16.60,10.27,0.99,-1,-1,-1
461,2,262.38,194.54,18.03,9.58,0.99,-1,-1,-1
481,1,144.78,101.21,17.68,8.73,1.00,-1,-1,-1
481,2,250.87,194.94,17.31,9.15,0.99,-1,-1,-1
501,1,145.39,89.01,18.24,9.77,1.00,-1,-1,-1
501,2,280.83,190.87,18.08,8.65,1.00,-1,-1,-1
521,1,144.80,122.10,17.87,9.71,1.00,-1,-1,-1
521,2,344.73,185.21,16.48,8.48,0.98,-1,-1,-1
541,1,142.56,156.93,16.64,9.74,1.00,-1,-1,-1
541,2,415.09,175.72,16.00,10.28,1.00,-1,-1,-1
561,1,136.42,214.25,18.40,8.84,1.00,-1,-1,-1
561,2,436.30,175.59,15.74,6.72,0.95,-1,-1,-1
581,1,136.20,240.64,20.09,7.67,1.00,-1,-1,-1
581,2,431.32,176.09,16.41,7.54,0.97,-1,-1,-1
601,1,132.39,280.99,19.21,6.93,1.00,-1,-1,-1
601,2,414.74,176.89,16.69,10.24,0.99,-1,-1,-1
621,1,136.29,240.84,17.31,8.63,1.00,-1,-1,-1
641,1,137.06,201.78,17.99,8.59,1.00,-1,-1,-1
641,2,409.09,206.32,18.73,7.87,0.99,-1,-1,-1
661,1,139.56,163.62,18.14,8.71,0.99,-1,-1,-1
661,2,368.49,212.32,15.51,7.85,0.98,-1,-1,-1
681,1,139.43,150.84,17.34,9.16,1.00,-1,-1,-1
681,2,256.89,223.07,17.19,7.27,0.99,-1,-1,-1
701,1,139.49,116.88,18.50,9.30,1.00,-1,-1,-1
701,2,200.67,228.00,18.90,9.12,0.92,-1,-1,-1
721,1,159.39,112.48,15.70,8.94,1.00,-1,-1,-1
721,2,207.23,208.64,18.74,9.11,1.00,-1,-1,-1
741,1,195.87,103.79,18.00,9.76,1.00,-1,-1,-1
741,2,237.19,202.24,17.46,10.38,0.99,-1,-1,-1
761,1,195.58,112.03,17.24,8.87,1.00,-1,-1,-1
761,2,262.33,201.65,17.19,9.70,0.99,-1,-1,-1
781,1,197.54,162.61,16.60,9.39,0.99,-1,-1,-1
781,2,317.75,196.21,19.44,9.78,0.99,-1,-1,-1
801,1,195.03,223.45,17.42,8.84,1.00,-1,-1,-1
801,2,328.34,190.94,17.68,10.38,0.99,-1,-1,-1
821,1,191.82,284.59,14.51,7.19,0.99,-1,-1,-1
821,2,328.47,187.59,15.94,9.53,0.98,-1,-1,-1
841,2,326.33,183.13,17.54,10.13,0.99,-1,-1,-1
841,1,226.44,298.27,14.25,6.01,0.65,-1,-1,-1
861,2,324.58,173.83,22.59,11.92,0.99,-1,-1,-1
861,1,324.16,290.71,16.61,6.64,0.95,-1,-1,-1
861,4,324.05,198.11,14.89,6.79,0.81,-1,-1,-1
881,2,326.01,162.72,20.22,11.33,0.98,-1,-1,-1
881,1,437.93,284.59,15.73,6.81,0.97,-1,-1,-1
901,2,322.75,145.73,20.20,11.22,0.99,-1,-1,-1
901,1,454.54,282.07,15.39,7.27,0.99,-1,-1,-1
921,2,322.05,131.37,18.41,10.27,0.99,-1,-1,-1
921,1,399.45,286.18,15.42,6.14,0.98,-1,-1,-1
941,2,310.90,128.81,16.32,12.87,0.99,-1,-1,-1
941,1,313.85,291.52,16.08,7.00,0.98,-1,-1,-1
961,2,259.06,137.66,18.67,10.61,0.99,-1,-1,-1
961,1,242.05,298.20,16.47,5.93,0.99,-1,-1,-1
981,2,238.97,140.37,17.68,10.52,1.00,-1,-1,-1
981,1,248.28,298.27,14.28,5.99,0.99,-1,-1,-1
1001,2,230.70,140.52,18.64,10.20,1.00,-1,-1,-1
1001,1,300.87,293.81,16.78,6.91,0.99,-1,-1,-1
1021,2,247.16,137.90,19.22,10.94,1.00,-1,-1,-1
1021,1,291.74,293.28,17.09,7.71,0.98,-1,-1,-1
1041,2,274.21,132.96,18.89,10.78,1.00,-1,-1,-1
1041,1,199.98,299.90,20.71,7.75,0.98,-1,-1,-1
1061,2,276.57,127.14,18.62,11.98,1.00,-1,-1,-1
1061,1,137.82,293.57,19.05,8.00,0.99,-1,-1,-1
1081,2,230.91,129.13,18.48,10.16,0.99,-1,-1,-1
1081,1,144.35,255.23,19.69,8.77,1.00,-1,-1,-1
1101,2,219.52,130.64,19.01,10.65,0.99,-1,-1,-1
1101,1,146.23,289.71,19.30,8.26,1.00,-1,-1,-1
1121,2,239.41,132.00,17.77,10.23,1.00,-1,-1,-1
1121,1,203.96,289.23,11.92,5.47,0.91,-1,-1,-1
1141,2,265.30,138.64,17.99,10.50,0.99,-1,-1,-1
1141,1,298.91,281.62,20.05,6.75,0.99,-1,-1,-1
1161,2,288.67,149.56,16.09,9.55,1.00,-1,-1,-1
1161,1,329.93,275.14,19.29,8.59,0.99,-1,-1,-1
1181,2,307.16,169.68,16.84,9.03,0.99,-1,-1,-1
1181,1,294.67,278.07,15.37,6.61,0.98,-1,-1,-1
1201,2,323.30,193.35,14.88,9.58,0.97,-1,-1,-1
1221,2,330.12,203.78,19.47,7.96,0.90,-1,-1,-1
1221,1,123.00,285.47,18.52,8.86,1.00,-1,-1,-1
1221,7,333.17,205.35,16.29,6.25,0.95,-1,-1,-1
1241,2,330.65,202.61,21.07,8.30,0.83,-1,-1,-1
1241,1,121.50,237.31,19.71,9.06,0.99,-1,-1,-1
1241,7,334.50,204.50,16.54,6.60,0.93,-1,-1,-1
1261,1,129.49,160.95,18.84,9.29,1.00,-1,-1,-1
1261,7,331.38,197.12,21.63,7.91,0.76,-1,-1,-1
1281,1,132.51,120.54,19.14,10.30,1.00,-1,-1,-1
1281,7,352.61,188.97,15.90,6.55,0.98,-1,-1,-1
1301,1,130.64,152.97,18.56,9.99,1.00,-1,-1,-1
1301,7,371.69,179.95,14.39,7.56,0.99,-1,-1,-1
1321,1,126.04,220.40,18.52,9.06,1.00,-1,-1,-1
1321,7,390.06,173.16,14.71,7.90,0.99,-1,-1,-1
1341,1,126.56,255.10,18.25,7.98,1.00,-1,-1,-1
1341,7,403.47,168.83,14.70,8.78,1.00,-1,-1,-1
1361,1,130.81,285.88,17.76,6.63,0.99,-1,-1,-1
1361,7,409.12,174.22,13.93,7.60,0.99,-1,-1,-1
1381,1,129.87,333.24,17.69,6.88,0.98,-1,-1,-1
1401,1,131.99,286.27,18.24,7.48,0.99,-1,-1,-1
1401,7,408.66,176.28,14.00,6.78,1.00,-1,-1,-1
1421,1,135.58,239.28,16.80,7.64,1.00,-1,-1,-1
1421,7,408.68,162.45,14.82,8.93,0.99,-1,-1,-1
1441,1,137.70,199.49,19.05,8.30,1.00,-1,-1,-1
1441,7,410.45,150.27,16.73,8.18,1.00,-1,-1,-1
1461,1,137.73,185.11,18.38,8.37,1.00,-1,-1,-1
1461,7,401.02,146.50,14.23,9.76,0.99,-1,-1,-1
1481,1,128.50,182.92,17.75,9.38,1.00,-1,-1,-1
1481,7,350.04,148.99,16.63,8.51,0.99,-1,-1,-1
1501,1,122.04,207.90,19.89,8.12,1.00,-1,-1,-1
1501,7,305.28,151.96,15.63,7.44,1.00,-1,-1,-1
1521,1,120.35,227.01,18.21,9.54,0.99,-1,-1,-1
1521,7,274.72,152.72,16.60,9.01,1.00,-1,-1,-1
1541,1,123.62,227.56,19.25,9.40,0.99,-1,-1,-1
1541,7,250.87,154.46,16.83,9.07,0.99,-1,-1,-1
1561,1,150.46,225.67,17.37,9.29,0.99,-1,-1,-1
1561,7,241.83,153.79,16.90,9.36,1.00,-1,-1,-1
1581,1,151.77,261.19,17.78,9.07,0.99,-1,-1,-1
1581,7,255.14,152.84,15.87,8.93,1.00,-1,-1,-1
1601,1,150.47,258.89,20.42,9.09,0.99,-1,-1,-1
1601,7,271.38,151.38,15.17,7.67,1.00,-1,-1,-1
1621,1,152.37,242.09,19.87,9.65,0.99,-1,-1,-1
1621,7,283.51,147.25,16.73,8.85,0.99,-1,-1,-1
1641,1,149.93,284.68,20.19,8.74,0.99,-1,-1,-1
1641,7,289.65,130.05,17.13,9.50,0.99,-1,-1,-1
1661,1,149.15,267.37,20.35,8.54,0.99,-1,-1,-1
1661,7,294.71,103.97,16.46,10.82,1.00,-1,-1,-1
1681,1,148.84,269.00,18.95,8.89,1.00,-1,-1,-1
1681,7,303.17,88.66,17.46,12.31,1.00,-1,-1,-1
1701,1,153.43,299.13,18.77,8.20,0.99,-1,-1,-1
1701,7,304.82,103.66,19.87,10.41,1.00,-1,-1,-1
1721,7,307.08,124.08,19.88,10.82,1.00,-1,-1,-1
1741,7,314.83,141.83,18.73,10.64,1.00,-1,-1,-1
1741,1,310.84,287.72,16.05,6.97,0.99,-1,-1,-1
1761,7,299.43,154.04,19.46,11.78,1.00,-1,-1,-1
1761,1,340.19,284.10,18.85,7.92,0.98,-1,-1,-1
1781,7,277.82,174.63,18.58,9.64,1.00,-1,-1,-1
1781,1,345.53,306.68,18.59,6.48,0.99,-1,-1,-1
1801,7,271.69,192.47,20.44,9.69,1.00,-1,-1,-1
1801,1,345.05,298.15,18.98,7.75,0.99,-1,-1,-1
1821,7,273.67,204.84,18.61,8.64,0.99,-1,-1,-1
1821,1,350.16,332.89,17.95,6.61,0.98,-1,-1,-1
1841,7,273.86,211.47,19.16,8.43,0.99,-1,-1,-1
1841,1,354.25,350.28,18.04,6.84,0.98,-1,-1,-1
1861,7,269.45,201.80,21.64,9.72,1.00,-1,-1,-1
1861,1,349.92,313.24,19.26,7.18,0.99,-1,-1,-1
1881,7,260.52,186.43,26.50,14.45,1.00,-1,-1,-1
1881,1,382.04,308.84,19.49,7.13,0.99,-1,-1,-1
1901,7,264.00,194.53,22.46,10.95,0.99,-1,-1,-1
1901,1,414.31,281.93,18.08,7.53,0.99,-1,-1,-1
1921,7,311.07,195.52,22.69,10.56,0.99,-1,-1,-1
1921,1,405.28,222.01,18.96,7.29,0.99,-1,-1,-1
1941,7,338.44,194.66,24.47,9.32,0.94,-1,-1,-1
1941,1,395.53,160.33,18.02,10.22,0.99,-1,-1,-1
1961,7,348.02,184.93,19.07,10.05,0.99,-1,-1,-1
1961,1,359.30,158.85,16.84,10.81,1.00,-1,-1,-1
1981,7,363.45,171.72,24.66,12.81,1.00,-1,-1,-1
1981,1,246.20,165.38,17.77,12.03,1.00,-1,-1,-1
2000,7,389.40,162.88,26.09,14.31,1.00,-1,-1,-1
2000,1,148.05,170.86,17.64,10.84,0.99,-1,-1,-1
